service_date,day_type,bus,rail_boardings,total_rides
1/1/01,U,297192,126455,423647
1/2/01,W,780827,501952,1282779
1/3/01,W,824923,536432,1361355
1/4/01,W,870021,550011,1420032
1/5/01,W,890426,557917,1448343
1/6/01,A,577401,255356,832757
1/7/01,U,375831,169825,545656
1/8/01,W,985221,590706,1575927
1/9/01,W,978377,599905,1578282
1/10/01,W,984884,602052,1586936
1/11/01,W,995561,607503,1603064
1/12/01,W,1018985,605252,1624237
1/13/01,A,591791,270056,861847
1/14/01,U,373091,174842,547933
1/15/01,W,675845,412149,1087994
1/16/01,W,1024367,622163,1646530
1/17/01,W,1018690,620343,1639033
1/18/01,W,1006996,618832,1625828
1/19/01,W,909964,583851,1493815
1/20/01,A,582348,263815,846163
1/21/01,U,378381,172107,550488
1/22/01,W,1005936,598777,1604713
1/23/01,W,1019983,610352,1630335
1/24/01,W,991661,606835,1598496
1/25/01,W,1004257,609877,1614134
1/26/01,W,965324,597039,1562363
1/27/01,A,590836,268078,858914
1/28/01,U,368819,174434,543253
1/29/01,W,953532,587052,1540584
1/30/01,W,982046,607858,1589904
1/31/01,W,999392,610508,1609900
2/1/01,W,1054608,615268,1669876
2/2/01,W,966701,577767,1544468
2/3/01,A,611703,263612,875315
2/4/01,U,404212,178398,582610
2/5/01,W,1045944,600588,1646532
2/6/01,W,1039393,612435,1651828
2/7/01,W,1015059,609022,1624081
2/8/01,W,1007760,610237,1617997
2/9/01,W,970826,593354,1564180
2/10/01,A,605404,271313,876717
2/11/01,U,405433,178810,584243
2/12/01,W,872330,539393,1411723
2/13/01,W,1050834,622753,1673587
2/14/01,W,1004304,610966,1615270
2/15/01,W,1028938,613323,1642261
2/16/01,W,1033040,601418,1634458
2/17/01,A,591717,269294,861011
2/18/01,U,388788,176855,565643
2/19/01,W,782447,457891,1240338
2/20/01,W,1035400,610284,1645684
2/21/01,W,986212,600133,1586345
2/22/01,W,986399,606302,1592701
2/23/01,W,1024235,602352,1626587
2/24/01,A,505193,246795,751988
2/25/01,U,351637,172132,523769
2/26/01,W,1009329,609256,1618585
2/27/01,W,1000630,609305,1609935
2/28/01,W,990416,610013,1600429
3/1/01,W,1051889,618440,1670329
3/2/01,W,1062234,611578,1673812
3/3/01,A,678870,286786,965656
3/4/01,U,385978,178292,564270
3/5/01,W,863086,549759,1412845
3/6/01,W,1013530,603561,1617091
3/7/01,W,1028462,616666,1645128
3/8/01,W,1000946,611371,1612317
3/9/01,W,1038368,606672,1645040
3/10/01,A,633472,283251,916723
3/11/01,U,410081,188228,598309
3/12/01,W,979411,588857,1568268
3/13/01,W,1017685,611347,1629032
3/14/01,W,1025283,619417,1644700
3/15/01,W,960667,596612,1557279
3/16/01,W,923613,583359,1506972
3/17/01,A,602158,343893,946051
3/18/01,U,412146,194257,606403
3/19/01,W,1021700,602469,1624169
3/20/01,W,1034388,618340,1652728
3/21/01,W,1029332,616764,1646096
3/22/01,W,1030741,617815,1648556
3/23/01,W,1030685,605605,1636290
3/24/01,A,604139,277028,881167
3/25/01,U,348817,170742,519559
3/26/01,W,989316,583176,1572492
3/27/01,W,1017904,600914,1618818
3/28/01,W,1007699,601999,1609698
3/29/01,W,1020098,605027,1625125
3/30/01,W,978244,590403,1568647
3/31/01,A,626223,280950,907173
4/1/01,U,417716,192717,610433
4/2/01,W,1023629,611098,1634727
4/3/01,W,1057275,613993,1671268
4/4/01,W,1047634,625348,1672982
4/5/01,W,973118,606535,1579653
4/6/01,W,1015046,611352,1626398
4/7/01,A,642265,297971,940236
4/8/01,U,437035,200720,637755
4/9/01,W,998290,596418,1594708
4/10/01,W,1024817,613311,1638128
4/11/01,W,985906,606764,1592670
4/12/01,W,991795,608691,1600486
4/13/01,W,865706,527116,1392822
4/14/01,A,628526,279728,908254
4/15/01,U,364972,163191,528163
4/16/01,W,859713,564614,1424327
4/17/01,W,877834,583859,1461693
4/18/01,W,907539,599600,1507139
4/19/01,W,917518,596505,1514023
4/20/01,W,922082,590659,1512741
4/21/01,A,603039,293701,896740
4/22/01,U,384255,185526,569781
4/23/01,W,979788,590446,1570234
4/24/01,W,1031150,618513,1649663
4/25/01,W,977794,609447,1587241
4/26/01,W,1028140,624617,1652757
4/27/01,W,1034472,610723,1645195
4/28/01,A,624970,289747,914717
4/29/01,U,423377,200002,623379
4/30/01,W,1008390,600424,1608814
5/1/01,W,1067496,632996,1700492
5/2/01,W,1034088,627894,1661982
5/3/01,W,1065048,634792,1699840
5/4/01,W,1046692,621087,1667779
5/5/01,A,637957,307025,944982
5/6/01,U,417760,206450,624210
5/7/01,W,1007381,598338,1605719
5/8/01,W,1044379,621604,1665983
5/9/01,W,1041324,619928,1661252
5/10/01,W,1018705,614067,1632772
5/11/01,W,1004068,600295,1604363
5/12/01,A,649008,289167,938175
5/13/01,U,422270,200996,623266
5/14/01,W,963027,581644,1544671
5/15/01,W,1035512,633053,1668565
5/16/01,W,995884,627978,1623862
5/17/01,W,1006118,628882,1635000
5/18/01,W,1027834,628829,1656663
5/19/01,A,645603,315487,961090
5/20/01,U,427040,217899,644939
5/21/01,W,958236,590204,1548440
5/22/01,W,1019568,637152,1656720
5/23/01,W,978614,619656,1598270
5/24/01,W,973423,615727,1589150
5/25/01,W,988982,597892,1586874
5/26/01,A,512958,269276,782234
5/27/01,U,390535,208208,598743
5/28/01,U,392906,191639,584545
5/29/01,W,1003029,595375,1598404
5/30/01,W,1002940,607442,1610382
5/31/01,W,965359,602748,1568107
6/1/01,W,1057056,611631,1668687
6/2/01,A,618944,282212,901156
6/3/01,U,432408,204795,637203
6/4/01,W,1029447,599699,1629146
6/5/01,W,935443,606051,1541494
6/6/01,W,1004243,627572,1631815
6/7/01,W,1004748,646177,1650925
6/8/01,W,1012502,642049,1654551
6/9/01,A,639444,358013,997457
6/10/01,U,438393,242257,680650
6/11/01,W,910186,586260,1496446
6/12/01,W,946314,605737,1552051
6/13/01,W,911372,599114,1510486
6/14/01,W,891710,602538,1494248
6/15/01,W,912712,612983,1525695
6/16/01,A,675335,340782,1016117
6/17/01,U,422714,237483,660197
6/18/01,W,909937,590688,1500625
6/19/01,W,944122,613028,1557150
6/20/01,W,939471,612707,1552178
6/21/01,W,900375,596076,1496451
6/22/01,W,957514,626565,1584079
6/23/01,A,631716,328467,960183
6/24/01,U,443240,281620,724860
6/25/01,W,947130,621006,1568136
6/26/01,W,944301,635326,1579627
6/27/01,W,944274,634994,1579268
6/28/01,W,942731,611002,1553733
6/29/01,W,996694,666587,1663281
6/30/01,A,649995,363078,1013073
7/1/01,U,435317,271052,706369
7/2/01,W,958879,627767,1586646
7/3/01,W,990209,827670,1817879
7/4/01,U,461383,306172,767555
7/5/01,W,918500,606574,1525074
7/6/01,W,958011,643965,1601976
7/7/01,A,599172,347374,946546
7/8/01,U,439513,256208,695721
7/9/01,W,935542,597633,1533175
7/10/01,W,937066,610069,1547135
7/11/01,W,960775,614294,1575069
7/12/01,W,949551,636236,1585787
7/13/01,W,957097,641244,1598341
7/14/01,A,629660,333365,963025
7/15/01,U,420137,241827,661964
7/16/01,W,880246,623660,1503906
7/17/01,W,920250,625940,1546190
7/18/01,W,935427,612765,1548192
7/19/01,W,949691,618451,1568142
7/20/01,W,937942,610617,1548559
7/21/01,A,593545,305457,899002
7/22/01,U,379766,200473,580239
7/23/01,W,854318,574685,1429003
7/24/01,W,939133,630753,1569886
7/25/01,W,874776,612547,1487323
7/26/01,W,954848,636674,1591522
7/27/01,W,933625,634484,1568109
7/28/01,A,607195,357848,965043
7/29/01,U,432534,236416,668950
7/30/01,W,908372,586076,1494448
7/31/01,W,884617,596502,1481119
8/1/01,W,873553,612734,1486287
8/2/01,W,790639,549367,1340006
8/3/01,W,984483,603405,1587888
8/4/01,A,648406,319386,967792
8/5/01,U,453344,225172,678516
8/6/01,W,907499,585919,1493418
8/7/01,W,875431,610601,1486032
8/8/01,W,854367,596163,1450530
8/9/01,W,846305,602242,1448547
8/10/01,W,946431,626136,1572567
8/11/01,A,607614,323141,930755
8/12/01,U,420182,234020,654202
8/13/01,W,892382,571719,1464101
8/14/01,W,866757,598019,1464776
8/15/01,W,878793,584203,1462996
8/16/01,W,800887,581402,1382289
8/17/01,W,929083,598538,1527621
8/18/01,A,569201,296970,866171
8/19/01,U,439920,235842,675762
8/20/01,W,876831,606101,1482932
8/21/01,W,894995,608242,1503237
8/22/01,W,864392,599157,1463549
8/23/01,W,906026,612615,1518641
8/24/01,W,926014,619276,1545290
8/25/01,A,518211,290626,808837
8/26/01,U,439715,245014,684729
8/27/01,W,900370,590849,1491219
8/28/01,W,933626,628532,1562158
8/29/01,W,901782,625324,1527106
8/30/01,W,913200,617044,1530244
8/31/01,W,986749,616977,1603726
9/1/01,A,639977,319699,959676
9/2/01,U,470771,243520,714291
9/3/01,U,448248,213584,661832
9/4/01,W,1120482,625640,1746122
9/5/01,W,1047878,644950,1692828
9/6/01,W,1053246,644766,1698012
9/7/01,W,1070339,659824,1730163
9/8/01,A,645427,341332,986759
9/9/01,U,492026,215773,707799
9/10/01,W,1075781,661092,1736873
9/11/01,W,957593,525953,1483546
9/12/01,W,931165,588507,1519672
9/13/01,W,1010171,607718,1617889
9/14/01,W,1034666,613645,1648311
9/15/01,A,615097,277875,892972
9/16/01,U,417392,191270,608662
9/17/01,W,919985,609381,1529366
9/18/01,W,1039365,626518,1665883
9/19/01,W,939442,625612,1565054
9/20/01,W,973094,646112,1619206
9/21/01,W,967583,626032,1593615
9/22/01,A,641096,307331,948427
9/23/01,U,361048,190813,551861
9/24/01,W,940207,622061,1562268
9/25/01,W,968563,638815,1607378
9/26/01,W,1028542,639258,1667800
9/27/01,W,1024125,642860,1666985
9/28/01,W,1024142,645884,1670026
9/29/01,A,639464,330008,969472
9/30/01,U,412037,219852,631889
10/1/01,W,1069361,639795,1709156
10/2/01,W,1078342,658020,1736362
10/3/01,W,1018388,657170,1675558
10/4/01,W,902598,649681,1552279
10/5/01,W,1034680,651273,1685953
10/6/01,A,628587,326860,955447
10/7/01,U,404926,287483,692409
10/8/01,W,802729,531294,1334023
10/9/01,W,1055377,645072,1700449
10/10/01,W,898767,637568,1536335
10/11/01,W,1025128,647937,1673065
10/12/01,W,1000153,625089,1625242
10/13/01,A,515481,273528,789009
10/14/01,U,409065,209437,618502
10/15/01,W,1037513,627937,1665450
10/16/01,W,1022047,634396,1656443
10/17/01,W,1036702,641266,1677968
10/18/01,W,1017434,646140,1663574
10/19/01,W,956423,642121,1598544
10/20/01,A,632093,319399,951492
10/21/01,U,433014,213638,646652
10/22/01,W,1012782,621894,1634676
10/23/01,W,1000304,638393,1638697
10/24/01,W,867027,625218,1492245
10/25/01,W,947047,618401,1565448
10/26/01,W,981933,613047,1594980
10/27/01,A,582223,291912,874135
10/28/01,U,405374,208481,613855
10/29/01,W,1019942,623086,1643028
10/30/01,W,994503,629005,1623508
10/31/01,W,978585,628587,1607172
11/1/01,W,1029256,641642,1670898
11/2/01,W,1042714,645966,1688680
11/3/01,A,648350,315004,963354
11/4/01,U,443453,222988,666441
11/5/01,W,1057697,629864,1687561
11/6/01,W,1044478,638448,1682926
11/7/01,W,1033982,640396,1674378
11/8/01,W,1004574,636400,1640974
11/9/01,W,931849,620257,1552106
11/10/01,A,618184,322793,940977
11/11/01,U,416118,218931,635049
11/12/01,W,812747,527242,1339989
11/13/01,W,1026715,641101,1667816
11/14/01,W,994462,624162,1618624
11/15/01,W,983434,615519,1598953
11/16/01,W,1046467,623566,1670033
11/17/01,A,653210,354828,1008038
11/18/01,U,414683,201199,615882
11/19/01,W,999890,600948,1600838
11/20/01,W,1005581,612391,1617972
11/21/01,W,988420,589664,1578084
11/22/01,U,322788,151915,474703
11/23/01,W,641780,356646,998426
11/24/01,A,504548,253414,757962
11/25/01,U,373755,186416,560171
11/26/01,W,993754,600439,1594193
11/27/01,W,985583,613858,1599441
11/28/01,W,981842,614405,1596247
11/29/01,W,972155,613392,1585547
11/30/01,W,1039082,625037,1664119
12/1/01,A,640965,307646,948611
12/2/01,U,418878,210748,629626
12/3/01,W,1051222,599106,1650328
12/4/01,W,1049416,613294,1662710
12/5/01,W,1039940,622264,1662204
12/6/01,W,1020021,623428,1643449
12/7/01,W,1023743,618300,1642043
12/8/01,A,620074,315639,935713
12/9/01,U,406917,207697,614614
12/10/01,W,1005376,597416,1602792
12/11/01,W,1010462,614387,1624849
12/12/01,W,981259,609660,1590919
12/13/01,W,990166,610845,1601011
12/14/01,W,982986,600798,1583784
12/15/01,A,623138,319051,942189
12/16/01,U,407448,213347,620795
12/17/01,W,995060,593314,1588374
12/18/01,W,1014592,608735,1623327
12/19/01,W,958790,591815,1550605
12/20/01,W,987827,586572,1574399
12/21/01,W,994499,569456,1563955
12/22/01,A,586969,268254,855223
12/23/01,U,393359,184628,577987
12/24/01,W,525908,257022,782930
12/25/01,U,218872,93525,312397
12/26/01,W,619967,380064,1000031
12/27/01,W,690465,436814,1127279
12/28/01,W,739404,456879,1196283
12/29/01,A,473194,224772,697966
12/30/01,U,306871,160102,466973
12/31/01,W,650794,321388,972182
1/1/02,U,294360,122471,416831
1/2/02,W,766853,491630,1258483
1/3/02,W,838088,523292,1361380
1/4/02,W,858709,528849,1387558
1/5/02,A,542470,245820,788290
1/6/02,U,370508,177606,548114
1/7/02,W,953807,568929,1522736
1/8/02,W,973200,585667,1558867
1/9/02,W,985622,591671,1577293
1/10/02,W,974188,591742,1565930
1/11/02,W,1006535,591718,1598253
1/12/02,A,565955,266826,832781
1/13/02,U,371378,176272,547650
1/14/02,W,985931,593642,1579573
1/15/02,W,983090,601489,1584579
1/16/02,W,955758,608009,1563767
1/17/02,W,968715,598282,1566997
1/18/02,W,967930,581331,1549261
1/19/02,A,556405,273407,829812
1/20/02,U,374069,180903,554972
1/21/02,W,648994,392312,1041306
1/22/02,W,1012565,603877,1616442
1/23/02,W,990484,600427,1590911
1/24/02,W,1007218,605974,1613192
1/25/02,W,1028432,601352,1629784
1/26/02,A,611356,283489,894845
1/27/02,U,408878,189116,597994
1/28/02,W,1009923,595606,1605529
1/29/02,W,979719,597598,1577317
1/30/02,W,936013,602737,1538750
1/31/02,W,879895,602988,1482883
2/1/02,W,954707,585087,1539794
2/2/02,A,614544,273954,888498
2/3/02,U,401958,180019,581977
2/4/02,W,988315,576117,1564432
2/5/02,W,997471,596800,1594271
2/6/02,W,1011650,597747,1609397
2/7/02,W,1011915,600731,1612646
2/8/02,W,1027036,594502,1621538
2/9/02,A,650477,296011,946488
2/10/02,U,379613,180097,559710
2/11/02,W,985014,592118,1577132
2/12/02,W,811567,541814,1353381
2/13/02,W,1019675,612626,1632301
2/14/02,W,1014122,609706,1623828
2/15/02,W,1007654,589737,1597391
2/16/02,A,617307,292835,910142
2/17/02,U,423922,209261,633183
2/18/02,W,759013,458524,1217537
2/19/02,W,985390,597374,1582764
2/20/02,W,986615,601360,1587975
2/21/02,W,977261,603816,1581077
2/22/02,W,1016162,592329,1608491
2/23/02,A,629609,292764,922373
2/24/02,U,421160,199343,620503
2/25/02,W,979843,581612,1561455
2/26/02,W,933204,587918,1521122
2/27/02,W,939542,587701,1527243
2/28/02,W,941136,592045,1533181
3/1/02,W,973482,593596,1567078
3/2/02,A,512767,264847,777614
3/3/02,U,331715,174890,506605
3/4/02,W,726815,493625,1220440
3/5/02,W,978944,588656,1567600
3/6/02,W,1008215,593126,1601341
3/7/02,W,1008102,594952,1603054
3/8/02,W,993813,587766,1581579
3/9/02,A,493346,254471,747817
3/10/02,U,361758,180401,542159
3/11/02,W,1008613,591093,1599706
3/12/02,W,1021380,612457,1633837
3/13/02,W,1022145,615718,1637863
3/14/02,W,1010579,607626,1618205
3/15/02,W,1005654,591415,1597069
3/16/02,A,615103,342098,957201
3/17/02,U,390344,189640,579984
3/18/02,W,992913,579486,1572399
3/19/02,W,990801,590290,1581091
3/20/02,W,993245,591401,1584646
3/21/02,W,930667,574802,1505469
3/22/02,W,961386,564876,1526262
3/23/02,A,617210,290118,907328
3/24/02,U,370997,190845,561842
3/25/02,W,895573,544841,1440414
3/26/02,W,938869,571086,1509955
3/27/02,W,989393,580724,1570117
3/28/02,W,965734,571056,1536790
3/29/02,W,755230,472276,1227506
3/30/02,A,616271,268843,885114
3/31/02,U,377026,158135,535161
4/1/02,W,971162,566861,1538023
4/2/02,W,970537,585155,1555692
4/3/02,W,1007100,597081,1604181
4/4/02,W,995075,600930,1596005
4/5/02,W,1014222,613919,1628141
4/6/02,A,639707,318104,957811
4/7/02,U,355354,180625,535979
4/8/02,W,937560,578417,1515977
4/9/02,W,1013106,607047,1620153
4/10/02,W,1020986,618972,1639958
4/11/02,W,1036014,629240,1665254
4/12/02,W,917031,591700,1508731
4/13/02,A,631465,308737,940202
4/14/02,U,438900,210876,649776
4/15/02,W,926258,586214,1512472
4/16/02,W,899896,599906,1499802
4/17/02,W,892185,593532,1485717
4/18/02,W,896865,594280,1491145
4/19/02,W,905545,591974,1497519
4/20/02,A,574009,300177,874186
4/21/02,U,356144,190405,546549
4/22/02,W,974101,583247,1557348
4/23/02,W,1021788,620463,1642251
4/24/02,W,918721,602085,1520806
4/25/02,W,1000933,626040,1626973
4/26/02,W,1026348,615024,1641372
4/27/02,A,513069,272746,785815
4/28/02,U,365481,201038,566519
4/29/02,W,1001321,584792,1586113
4/30/02,W,1000608,604417,1605025
5/1/02,W,1031532,605198,1636730
5/2/02,W,976392,598086,1574478
5/3/02,W,1075694,606513,1682207
5/4/02,A,660227,312131,972358
5/5/02,U,443915,207913,651828
5/6/02,W,994227,598141,1592368
5/7/02,W,1010608,616111,1626719
5/8/02,W,968509,600435,1568944
5/9/02,W,1009271,614202,1623473
5/10/02,W,1047188,609528,1656716
5/11/02,A,492841,252501,745342
5/12/02,U,358446,185931,544377
5/13/02,W,975822,570031,1545853
5/14/02,W,1009365,598752,1608117
5/15/02,W,1015551,600667,1616218
5/16/02,W,906240,579727,1485967
5/17/02,W,991682,583205,1574887
5/18/02,A,638862,298727,937589
5/19/02,U,419434,204421,623855
5/20/02,W,994112,582646,1576758
5/21/02,W,1008846,613667,1622513
5/22/02,W,999920,618307,1618227
5/23/02,W,969174,606199,1575373
5/24/02,W,995434,576461,1571895
5/25/02,A,558891,270672,829563
5/26/02,U,436570,216172,652742
5/27/02,U,395210,200876,596086
5/28/02,W,959547,588932,1548479
5/29/02,W,980049,601576,1581625
5/30/02,W,990460,606972,1597432
5/31/02,W,1040502,635809,1676311
6/1/02,A,667264,371223,1038487
6/2/02,U,423135,238648,661783
6/3/02,W,1001778,583147,1584925
6/4/02,W,915667,575065,1490732
6/5/02,W,1005307,602096,1607403
6/6/02,W,1044279,611344,1655623
6/7/02,W,1036716,606193,1642909
6/8/02,A,649574,323142,972716
6/9/02,U,446760,228298,675058
6/10/02,W,944065,583512,1527577
6/11/02,W,969387,604162,1573549
6/12/02,W,986714,606658,1593372
6/13/02,W,967153,596032,1563185
6/14/02,W,980140,605447,1585587
6/15/02,A,644968,318379,963347
6/16/02,U,456833,225229,682062
6/17/02,W,980090,576747,1556837
6/18/02,W,996706,619540,1616246
6/19/02,W,992928,618449,1611377
6/20/02,W,975703,628191,1603894
6/21/02,W,979910,616117,1596027
6/22/02,A,634013,341170,975183
6/23/02,U,444454,232456,676910
6/24/02,W,884749,597643,1482392
6/25/02,W,926613,600847,1527460
6/26/02,W,879533,601333,1480866
6/27/02,W,914452,613276,1527728
6/28/02,W,934562,650340,1584902
6/29/02,A,636792,369705,1006497
6/30/02,U,441101,309418,750519
7/1/02,W,948966,601509,1550475
7/2/02,W,955991,621541,1577532
7/3/02,W,1004276,785621,1789897
7/4/02,U,441126,279204,720330
7/5/02,W,807831,500685,1308516
7/6/02,A,597877,324834,922711
7/7/02,U,445916,256321,702237
7/8/02,W,929870,575055,1504925
7/9/02,W,919623,579348,1498971
7/10/02,W,941513,591208,1532721
7/11/02,W,969657,594276,1563933
7/12/02,W,963191,618865,1582056
7/13/02,A,624850,324416,949266
7/14/02,U,433166,239865,673031
7/15/02,W,949705,608087,1557792
7/16/02,W,946077,621832,1567909
7/17/02,W,931752,595378,1527130
7/18/02,W,942643,596288,1538931
7/19/02,W,960153,612971,1573124
7/20/02,A,635657,339113,974770
7/21/02,U,412477,229156,641633
7/22/02,W,900537,595784,1496321
7/23/02,W,955084,623156,1578240
7/24/02,W,945502,617518,1563020
7/25/02,W,931679,608190,1539869
7/26/02,W,942389,590601,1532990
7/27/02,A,595484,327980,923464
7/28/02,U,414913,215040,629953
7/29/02,W,893147,565324,1458471
7/30/02,W,934322,614162,1548484
7/31/02,W,912632,603775,1516407
8/1/02,W,969159,607964,1577123
8/2/02,W,1004199,612785,1616984
8/3/02,A,674990,325279,1000269
8/4/02,U,451144,234620,685764
8/5/02,W,941406,569627,1511033
8/6/02,W,955681,592722,1548403
8/7/02,W,940727,585313,1526040
8/8/02,W,945096,589840,1534936
8/9/02,W,968109,592938,1561047
8/10/02,A,667701,340015,1007716
8/11/02,U,437332,230526,667858
8/12/02,W,908503,579800,1488303
8/13/02,W,871791,578996,1450787
8/14/02,W,893558,586107,1479665
8/15/02,W,920323,599375,1519698
8/16/02,W,903666,592393,1496059
8/17/02,A,644076,340569,984645
8/18/02,U,490868,285298,776166
8/19/02,W,847798,545503,1393301
8/20/02,W,918696,586734,1505430
8/21/02,W,904673,572717,1477390
8/22/02,W,829797,533893,1363690
8/23/02,W,903292,570031,1473323
8/24/02,A,625725,308392,934117
8/25/02,U,441076,227484,668560
8/26/02,W,920546,572967,1493513
8/27/02,W,923644,596884,1520528
8/28/02,W,922170,590348,1512518
8/29/02,W,808555,532322,1340877
8/30/02,W,987793,608056,1595849
8/31/02,A,666152,345777,1011929
9/1/02,U,477226,257229,734455
9/2/02,U,381482,201136,582618
9/3/02,W,1106907,625970,1732877
9/4/02,W,1087925,634665,1722590
9/5/02,W,1083538,634950,1718488
9/6/02,W,1082951,634809,1717760
9/7/02,A,643335,318886,962221
9/8/02,U,439942,218716,658658
9/9/02,W,1071206,630453,1701659
9/10/02,W,1050992,640278,1691270
9/11/02,W,1045640,631554,1677194
9/12/02,W,1059762,645114,1704876
9/13/02,W,1064345,655102,1719447
9/14/02,A,642689,327322,970011
9/15/02,U,421429,221310,642739
9/16/02,W,1049667,617848,1667515
9/17/02,W,1064546,644444,1708990
9/18/02,W,1039162,643763,1682925
9/19/02,W,1038608,640884,1679492
9/20/02,W,1019280,626196,1645476
9/21/02,A,674983,330553,1005536
9/22/02,U,416973,215142,632115
9/23/02,W,1055515,637798,1693313
9/24/02,W,1055580,664958,1720538
9/25/02,W,1064437,666345,1730782
9/26/02,W,1057421,662347,1719768
9/27/02,W,1058970,651373,1710343
9/28/02,A,632188,338847,971035
9/29/02,U,421618,232441,654059
9/30/02,W,1048696,634065,1682761
10/1/02,W,1098830,653561,1752391
10/2/02,W,1059836,648879,1708715
10/3/02,W,1100107,655905,1756012
10/4/02,W,1024955,626723,1651678
10/5/02,A,672805,338207,1011012
10/6/02,U,423210,223075,646285
10/7/02,W,1086922,641838,1728760
10/8/02,W,1074824,650758,1725582
10/9/02,W,1064324,648974,1713298
10/10/02,W,1072954,655002,1727956
10/11/02,W,1074197,658585,1732782
10/12/02,A,612527,332781,945308
10/13/02,U,407917,323103,731020
10/14/02,W,806818,542057,1348875
10/15/02,W,1068455,653527,1721982
10/16/02,W,1036205,645880,1682085
10/17/02,W,1030300,645590,1675890
10/18/02,W,1059316,643043,1702359
10/19/02,A,654965,333538,988503
10/20/02,U,424767,222167,646934
10/21/02,W,1057968,632256,1690224
10/22/02,W,1047657,645112,1692769
10/23/02,W,1013066,635553,1648619
10/24/02,W,1014798,642039,1656837
10/25/02,W,1022926,632981,1655907
10/26/02,A,626185,331030,957215
10/27/02,U,413385,217556,630941
10/28/02,W,1041265,628314,1669579
10/29/02,W,1025525,636398,1661923
10/30/02,W,1036745,639993,1676738
10/31/02,W,1000155,635297,1635452
11/1/02,W,1069031,628183,1697214
11/2/02,A,647400,313106,960506
11/3/02,U,418620,211506,630126
11/4/02,W,1072235,633872,1706107
11/5/02,W,994530,613203,1607733
11/6/02,W,1045767,644971,1690738
11/7/02,W,1065889,664817,1730706
11/8/02,W,995294,646927,1642221
11/9/02,A,630142,329264,959406
11/10/02,U,419858,220134,639992
11/11/02,W,780558,519021,1299579
11/12/02,W,1029700,637242,1666942
11/13/02,W,1035982,635224,1671206
11/14/02,W,956533,625010,1581543
11/15/02,W,1042694,630267,1672961
11/16/02,A,600110,314114,914224
11/17/02,U,393692,204651,598343
11/18/02,W,1018831,619368,1638199
11/19/02,W,1058349,638719,1697068
11/20/02,W,1033748,630680,1664428
11/21/02,W,983825,621257,1605082
11/22/02,W,1030889,618981,1649870
11/23/02,A,631388,353053,984441
11/24/02,U,393321,202257,595578
11/25/02,W,992101,602628,1594729
11/26/02,W,959679,611673,1571352
11/27/02,W,946620,584367,1530987
11/28/02,U,297477,145995,443472
11/29/02,W,676405,367260,1043665
11/30/02,A,525319,255100,780419
12/1/02,U,362192,187150,549342
12/2/02,W,966808,598780,1565588
12/3/02,W,1007666,622071,1629737
12/4/02,W,1003459,610601,1614060
12/5/02,W,1005218,607822,1613040
12/6/02,W,1018401,602004,1620405
12/7/02,A,627855,318034,945889
12/8/02,U,396717,202070,598787
12/9/02,W,994622,575116,1569738
12/10/02,W,1030456,601656,1632112
12/11/02,W,1021640,603601,1625241
12/12/02,W,1015667,602683,1618350
12/13/02,W,1020480,600852,1621332
12/14/02,A,653848,325639,979487
12/15/02,U,435253,216394,651647
12/16/02,W,1003932,577286,1581218
12/17/02,W,985528,583328,1568856
12/18/02,W,939870,571921,1511791
12/19/02,W,1020038,590493,1610531
12/20/02,W,984913,565925,1550838
12/21/02,A,614025,284719,898744
12/22/02,U,404210,194323,598533
12/23/02,W,827316,467245,1294561
12/24/02,W,621673,319916,941589
12/25/02,U,237547,96846,334393
12/26/02,W,661076,372317,1033393
12/27/02,W,744896,424575,1169471
12/28/02,A,528087,236606,764693
12/29/02,U,380197,181081,561278
12/30/02,W,773707,469806,1243513
12/31/02,W,792623,456865,1249488
1/1/03,U,325478,169985,495463
1/2/03,W,757781,484840,1242621
1/3/03,W,861580,515985,1377565
1/4/03,A,570941,255217,826158
1/5/03,U,377813,177159,554972
1/6/03,W,982617,574868,1557485
1/7/03,W,982542,580676,1563218
1/8/03,W,1011812,592758,1604570
1/9/03,W,979678,586435,1566113
1/10/03,W,963808,567691,1531499
1/11/03,A,506478,250051,756529
1/12/03,U,346918,171467,518385
1/13/03,W,973653,585781,1559434
1/14/03,W,940805,594400,1535205
1/15/03,W,928578,583104,1511682
1/16/03,W,945280,591915,1537195
1/17/03,W,973358,584772,1558130
1/18/03,A,512435,261058,773493
1/19/03,U,327279,172937,500216
1/20/03,W,604089,375958,980047
1/21/03,W,954156,590827,1544983
1/22/03,W,912033,572491,1484524
1/23/03,W,822317,541015,1363332
1/24/03,W,893501,546353,1439854
1/25/03,A,547944,259287,807231
1/26/03,U,335046,168783,503829
1/27/03,W,922033,564295,1486328
1/28/03,W,952120,598146,1550266
1/29/03,W,970605,594588,1565193
1/30/03,W,993731,601060,1594791
1/31/03,W,929004,577555,1506559
2/1/03,A,639705,291226,930931
2/2/03,U,415598,192294,607892
2/3/03,W,1039918,596186,1636104
2/4/03,W,980582,597044,1577626
2/5/03,W,961776,585552,1547328
2/6/03,W,981973,596888,1578861
2/7/03,W,953979,573249,1527228
2/8/03,A,563430,270521,833951
2/9/03,U,367964,180861,548825
2/10/03,W,948507,584120,1532627
2/11/03,W,928346,592292,1520638
2/12/03,W,749254,523192,1272446
2/13/03,W,978871,597819,1576690
2/14/03,W,985806,594045,1579851
2/15/03,A,543945,271823,815768
2/16/03,U,365939,188276,554215
2/17/03,W,709845,447938,1157783
2/18/03,W,974450,604717,1579167
2/19/03,W,982943,605097,1588040
2/20/03,W,988095,611766,1599861
2/21/03,W,1005940,601156,1607096
2/22/03,A,529921,276538,806459
2/23/03,U,377363,185905,563268
2/24/03,W,908324,574013,1482337
2/25/03,W,897857,572520,1470377
2/26/03,W,939161,588630,1527791
2/27/03,W,951569,599144,1550713
2/28/03,W,1011530,597504,1609034
3/1/03,A,610177,291264,901441
3/2/03,U,347417,182200,529617
3/3/03,W,822165,535306,1357471
3/4/03,W,964967,606043,1571010
3/5/03,W,868551,583929,1452480
3/6/03,W,874641,573715,1448356
3/7/03,W,980484,584273,1564757
3/8/03,A,550093,274523,824616
3/9/03,U,335884,177874,513758
3/10/03,W,916661,573635,1490296
3/11/03,W,971894,601034,1572928
3/12/03,W,981590,604333,1585923
3/13/03,W,978881,609896,1588777
3/14/03,W,1009566,615377,1624943
3/15/03,A,637081,381570,1018651
3/16/03,U,429227,235438,664665
3/17/03,W,976703,597982,1574685
3/18/03,W,963349,596226,1559575
3/19/03,W,938499,586881,1525380
3/20/03,W,936654,594341,1530995
3/21/03,W,967479,588655,1556134
3/22/03,A,577660,292329,869989
3/23/03,U,410745,215626,626371
3/24/03,W,962889,584149,1547038
3/25/03,W,973017,594589,1567606
3/26/03,W,968581,594924,1563505
3/27/03,W,969195,593676,1562871
3/28/03,W,815984,552242,1368226
3/29/03,A,555638,280361,835999
3/30/03,U,372071,191109,563180
3/31/03,W,973924,577834,1551758
4/1/03,W,1028531,603564,1632095
4/2/03,W,1020829,602855,1623684
4/3/03,W,995062,592074,1587136
4/4/03,W,912458,572837,1485295
4/5/03,A,593273,293496,886769
4/6/03,U,370275,188467,558742
4/7/03,W,873605,565391,1438996
4/8/03,W,947482,599769,1547251
4/9/03,W,986992,611985,1598977
4/10/03,W,1007977,624279,1632256
4/11/03,W,912918,600667,1513585
4/12/03,A,602670,321354,924024
4/13/03,U,407540,219553,627093
4/14/03,W,904517,593473,1497990
4/15/03,W,894368,606461,1500829
4/16/03,W,836328,578259,1414587
4/17/03,W,815274,563613,1378887
4/18/03,W,769997,482196,1252193
4/19/03,A,562148,263464,825612
4/20/03,U,368478,172399,540877
4/21/03,W,925231,572442,1497673
4/22/03,W,964240,617403,1581643
4/23/03,W,923474,613127,1536601
4/24/03,W,961316,620140,1581456
4/25/03,W,979369,595103,1574472
4/26/03,A,588057,300728,888785
4/27/03,U,403462,210716,614178
4/28/03,W,962103,582145,1544248
4/29/03,W,958977,595629,1554606
4/30/03,W,828642,567596,1396238
5/1/03,W,971218,597161,1568379
5/2/03,W,1039212,616460,1655672
5/3/03,A,645503,335590,981093
5/4/03,U,395799,214366,610165
5/5/03,W,1006467,608082,1614549
5/6/03,W,1007795,626276,1634071
5/7/03,W,977279,610370,1587649
5/8/03,W,984692,605164,1589856
5/9/03,W,992211,616706,1608917
5/10/03,A,577508,301857,879365
5/11/03,U,322449,193398,515847
5/12/03,W,956974,580553,1537527
5/13/03,W,981698,602563,1584261
5/14/03,W,911890,583198,1495088
5/15/03,W,971525,598384,1569909
5/16/03,W,999630,589910,1589540
5/17/03,A,614484,304723,919207
5/18/03,U,403043,207860,610903
5/19/03,W,961806,579665,1541471
5/20/03,W,966295,594508,1560803
5/21/03,W,992696,592768,1585464
5/22/03,W,967683,590893,1558576
5/23/03,W,969112,575372,1544484
5/24/03,A,591523,301068,892591
5/25/03,U,408454,223466,631920
5/26/03,U,380796,224023,604819
5/27/03,W,961009,597804,1558813
5/28/03,W,910537,586704,1497241
5/29/03,W,961715,595331,1557046
5/30/03,W,988281,613622,1601903
5/31/03,A,575015,318134,893149
6/1/03,U,422827,245291,668118
6/2/03,W,978201,583126,1561327
6/3/03,W,992041,610279,1602320
6/4/03,W,997077,615414,1612491
6/5/03,W,991907,622481,1614388
6/6/03,W,962917,615632,1578549
6/7/03,A,634650,354198,988848
6/8/03,U,380953,229228,610181
6/9/03,W,987516,590887,1578403
6/10/03,W,940459,596552,1537011
6/11/03,W,961149,607043,1568192
6/12/03,W,969572,604883,1574455
6/13/03,W,976147,592987,1569134
6/14/03,A,626911,320029,946940
6/15/03,U,421515,221822,643337
6/16/03,W,955066,581387,1536453
6/17/03,W,965718,601420,1567138
6/18/03,W,897454,587986,1485440
6/19/03,W,946693,596124,1542817
6/20/03,W,938177,611219,1549396
6/21/03,A,610796,345895,956691
6/22/03,U,423283,242077,665360
6/23/03,W,855955,568379,1424334
6/24/03,W,928442,620552,1548994
6/25/03,W,841205,603880,1445085
6/26/03,W,833307,600660,1433967
6/27/03,W,890776,661150,1551926
6/28/03,A,561500,350162,911662
6/29/03,U,421380,329753,751133
6/30/03,W,884729,611874,1496603
7/1/03,W,957351,634210,1591561
7/2/03,W,936777,640212,1576989
7/3/03,W,983110,790702,1773812
7/4/03,U,471591,347887,819478
7/5/03,A,549605,363309,912914
7/6/03,U,389816,269228,659044
7/7/03,W,852771,569437,1422208
7/8/03,W,846175,579733,1425908
7/9/03,W,871942,598967,1470909
7/10/03,W,893195,614469,1507664
7/11/03,W,907669,615433,1523102
7/12/03,A,607118,339152,946270
7/13/03,U,421579,257051,678630
7/14/03,W,905206,611190,1516396
7/15/03,W,874304,618204,1492508
7/16/03,W,915630,597927,1513557
7/17/03,W,861722,579675,1441397
7/18/03,W,902204,590356,1492560
7/19/03,A,619480,324535,944015
7/20/03,U,403847,224010,627857
7/21/03,W,883219,578363,1461582
7/22/03,W,889426,590880,1480306
7/23/03,W,906650,622160,1528810
7/24/03,W,896387,622281,1518668
7/25/03,W,903368,591792,1495160
7/26/03,A,584819,312502,897321
7/27/03,U,367151,222589,589740
7/28/03,W,849172,562933,1412105
7/29/03,W,903830,615414,1519244
7/30/03,W,880392,616406,1496798
7/31/03,W,889575,617395,1506970
8/1/03,W,912597,605206,1517803
8/2/03,A,678701,399990,1078691
8/3/03,U,387659,244986,632645
8/4/03,W,920408,585024,1505432
8/5/03,W,918113,600556,1518669
8/6/03,W,883115,581895,1465010
8/7/03,W,923161,584026,1507187
8/8/03,W,903597,583831,1487428
8/9/03,A,638279,371415,1009694
8/10/03,U,418764,244876,663640
8/11/03,W,806587,566910,1373497
8/12/03,W,864526,595230,1459756
8/13/03,W,875224,614427,1489651
8/14/03,W,857542,592601,1450143
8/15/03,W,873580,602111,1475691
8/16/03,A,627785,363117,990902
8/17/03,U,462931,290507,753438
8/18/03,W,821919,559214,1381133
8/19/03,W,853603,577418,1431021
8/20/03,W,838351,567116,1405467
8/21/03,W,820578,562565,1383143
8/22/03,W,867524,576202,1443726
8/23/03,A,585510,313035,898545
8/24/03,U,408305,227185,635490
8/25/03,W,850528,561134,1411662
8/26/03,W,836703,573211,1409914
8/27/03,W,862298,578962,1441260
8/28/03,W,857707,578781,1436488
8/29/03,W,902436,604839,1507275
8/30/03,A,622090,339474,961564
8/31/03,U,396860,242605,639465
9/1/03,U,326772,199296,526068
9/2/03,W,1025978,648864,1674842
9/3/03,W,1059974,650319,1710293
9/4/03,W,1040002,652383,1692385
9/5/03,W,1044868,634834,1679702
9/6/03,A,625347,334013,959360
9/7/03,U,421385,222973,644358
9/8/03,W,1028540,623072,1651612
9/9/03,W,1030074,632686,1662760
9/10/03,W,1019275,645858,1665133
9/11/03,W,1018196,639732,1657928
9/12/03,W,1002297,650171,1652468
9/13/03,A,601330,350594,951924
9/14/03,U,386248,235410,621658
9/15/03,W,1015639,653569,1669208
9/16/03,W,1033950,663607,1697557
9/17/03,W,1023215,663761,1686976
9/18/03,W,1023301,647465,1670766
9/19/03,W,1019769,642616,1662385
9/20/03,A,618523,338787,957310
9/21/03,U,421320,231095,652415
9/22/03,W,992288,638244,1630532
9/23/03,W,1023379,655433,1678812
9/24/03,W,973736,643836,1617572
9/25/03,W,1006367,648354,1654721
9/26/03,W,939175,643987,1583162
9/27/03,A,591935,358390,950325
9/28/03,U,377248,236781,614029
9/29/03,W,1001427,637350,1638777
9/30/03,W,1000725,637394,1638119
10/1/03,W,1051684,644239,1695923
10/2/03,W,1016259,641608,1657867
10/3/03,W,999345,667963,1667308
10/4/03,A,651128,383554,1034682
10/5/03,U,428277,236860,665137
10/6/03,W,1018276,618461,1636737
10/7/03,W,1051869,699907,1751776
10/8/03,W,1026066,693316,1719382
10/9/03,W,1011003,650911,1661914
10/10/03,W,1031598,661985,1693583
10/11/03,A,628499,366667,995166
10/12/03,U,411927,351185,763112
10/13/03,W,780132,547856,1327988
10/14/03,W,928265,691539,1619804
10/15/03,W,1026737,711785,1738522
10/16/03,W,1013203,650877,1664080
10/17/03,W,1023752,651230,1674982
10/18/03,A,633461,362376,995837
10/19/03,U,422713,241241,663954
10/20/03,W,1077011,632330,1709341
10/21/03,W,958546,644683,1603229
10/22/03,W,1003925,640420,1644345
10/23/03,W,1008328,644198,1652526
10/24/03,W,1008879,639483,1648362
10/25/03,A,615584,332732,948316
10/26/03,U,395925,231808,627733
10/27/03,W,990268,620687,1610955
10/28/03,W,978501,631318,1609819
10/29/03,W,986799,637933,1624732
10/30/03,W,1006074,652674,1658748
10/31/03,W,996142,628603,1624745
11/1/03,A,606945,309648,916593
11/2/03,U,397515,215452,612967
11/3/03,W,1007989,614598,1622587
11/4/03,W,1003988,630296,1634284
11/5/03,W,1015157,639104,1654261
11/6/03,W,1015139,644961,1660100
11/7/03,W,906629,620991,1527620
11/8/03,A,566334,320811,887145
11/9/03,U,383993,221796,605789
11/10/03,W,981163,606222,1587385
11/11/03,W,789039,542871,1331910
11/12/03,W,977852,627509,1605361
11/13/03,W,901163,616525,1517688
11/14/03,W,964479,632553,1597032
11/15/03,A,567411,334186,901597
11/16/03,U,382584,222633,605217
11/17/03,W,996959,618428,1615387
11/18/03,W,881272,608253,1489525
11/19/03,W,1011052,632045,1643097
11/20/03,W,1006072,638332,1644404
11/21/03,W,1004115,626155,1630270
11/22/03,A,608476,361622,970098
11/23/03,U,352918,202523,555441
11/24/03,W,897941,583860,1481801
11/25/03,W,945699,602970,1548669
11/26/03,W,930556,579257,1509813
11/27/03,U,292469,153251,445720
11/28/03,W,557794,344266,902060
11/29/03,A,484077,265968,750045
11/30/03,U,378933,217629,596562
12/1/03,W,998632,601364,1599996
12/2/03,W,984587,605675,1590262
12/3/03,W,1002993,613563,1616556
12/4/03,W,962556,610322,1572878
12/5/03,W,968576,606672,1575248
12/6/03,A,587823,326475,914298
12/7/03,U,393784,214938,608722
12/8/03,W,975766,586022,1561788
12/9/03,W,959147,594395,1553542
12/10/03,W,945145,597600,1542745
12/11/03,W,936467,591327,1527794
12/12/03,W,912540,575833,1488373
12/13/03,A,544810,305519,850329
12/14/03,U,369050,209939,578989
12/15/03,W,936119,568654,1504773
12/16/03,W,926650,576496,1503146
12/17/03,W,925481,573820,1499301
12/18/03,W,917919,567624,1485543
12/19/03,W,926113,555922,1482035
12/20/03,A,564850,289142,853992
12/21/03,U,415703,218944,634647
12/22/03,W,797301,508014,1305315
12/23/03,W,770607,486462,1257069
12/24/03,W,610061,333655,943716
12/25/03,U,247349,101016,348365
12/26/03,W,605667,321094,926761
12/27/03,A,507042,232980,740022
12/28/03,U,358852,178624,537476
12/29/03,W,732494,461979,1194473
12/30/03,W,725126,474545,1199671
12/31/03,W,678329,430971,1109300
1/1/04,U,300347,174003,474350
1/2/04,W,754051,421851,1175902
1/3/04,A,560436,250130,810566
1/4/04,U,303611,162880,466491
1/5/04,W,894467,548650,1443117
1/6/04,W,788158,516396,1304554
1/7/04,W,851011,536299,1387310
1/8/04,W,903950,556891,1460841
1/9/04,W,929117,560519,1489636
1/10/04,A,526469,261687,788156
1/11/04,U,368655,180035,548690
1/12/04,W,982070,588906,1570976
1/13/04,W,977382,596765,1574147
1/14/04,W,956180,591625,1547805
1/15/04,W,962171,590965,1553136
1/16/04,W,969715,578153,1547868
1/17/04,A,534831,278142,812973
1/18/04,U,342002,178641,520643
1/19/04,W,557712,353859,911571
1/20/04,W,939415,572634,1512049
1/21/04,W,949321,576593,1525914
1/22/04,W,854150,542344,1396494
1/23/04,W,903734,550366,1454100
1/24/04,A,521800,263571,785371
1/25/04,U,343967,176977,520944
1/26/04,W,925536,566031,1491567
1/27/04,W,906997,586852,1493849
1/28/04,W,887763,565269,1453032
1/29/04,W,855905,553448,1409353
1/30/04,W,756185,500887,1257072
1/31/04,A,531967,246213,778180
2/1/04,U,355491,170793,526284
2/2/04,W,914997,566503,1481500
2/3/04,W,957823,591153,1548976
2/4/04,W,947079,581672,1528751
2/5/04,W,931453,586671,1518124
2/6/04,W,937566,572957,1510523
2/7/04,A,553301,281792,835093
2/8/04,U,369314,185893,555207
2/9/04,W,948814,578071,1526885
2/10/04,W,948181,593014,1541195
2/11/04,W,959174,594399,1553573
2/12/04,W,796644,537211,1333855
2/13/04,W,958969,580969,1539938
2/14/04,A,610834,301728,912562
2/15/04,U,368733,191759,560492
2/16/04,W,684054,441539,1125593
2/17/04,W,966524,596810,1563334
2/18/04,W,957521,593575,1551096
2/19/04,W,971162,601442,1572604
2/20/04,W,933678,580459,1514137
2/21/04,A,585429,288901,874330
2/22/04,U,402374,187329,589703
2/23/04,W,954873,577436,1532309
2/24/04,W,957453,588493,1545946
2/25/04,W,967236,596639,1563875
2/26/04,W,973201,598172,1571373
2/27/04,W,980935,589768,1570703
2/28/04,A,607923,310337,918260
2/29/04,U,413029,208258,621287
3/1/04,W,828169,534603,1362772
3/2/04,W,992418,597880,1590298
3/3/04,W,1007360,594376,1601736
3/4/04,W,936797,584225,1521022
3/5/04,W,939138,575845,1514983
3/6/04,A,602180,296173,898353
3/7/04,U,370231,186924,557155
3/8/04,W,969634,585973,1555607
3/9/04,W,965244,597735,1562979
3/10/04,W,973415,601851,1575266
3/11/04,W,927076,589420,1516496
3/12/04,W,942238,580254,1522492
3/13/04,A,587662,342986,930648
3/14/04,U,376244,200734,576978
3/15/04,W,953320,580038,1533358
3/16/04,W,942197,582515,1524712
3/17/04,W,932468,589641,1522109
3/18/04,W,934303,588303,1522606
3/19/04,W,988154,593249,1581403
3/20/04,A,607378,311130,918508
3/21/04,U,365502,189403,554905
3/22/04,W,941254,559786,1501040
3/23/04,W,966919,579228,1546147
3/24/04,W,917804,565878,1483682
3/25/04,W,948790,577094,1525884
3/26/04,W,858131,557755,1415886
3/27/04,A,585553,300842,886395
3/28/04,U,377339,215088,592427
3/29/04,W,949103,573929,1523032
3/30/04,W,949847,579487,1529334
3/31/04,W,943445,579344,1522789
4/1/04,W,1000741,592854,1593595
4/2/04,W,1012716,589043,1601759
4/3/04,A,633629,304787,938416
4/4/04,U,407772,198468,606240
4/5/04,W,971292,571811,1543103
4/6/04,W,977036,585618,1562654
4/7/04,W,975244,592042,1567286
4/8/04,W,967733,588420,1556153
4/9/04,W,799356,490037,1289393
4/10/04,A,568003,263036,831039
4/11/04,U,372246,162703,534949
4/12/04,W,809673,560649,1370322
4/13/04,W,831527,571813,1403340
4/14/04,W,859829,593419,1453248
4/15/04,W,864352,601171,1465523
4/16/04,W,861336,600132,1461468
4/17/04,A,596237,331377,927614
4/18/04,U,423705,227626,651331
4/19/04,W,951686,592025,1543711
4/20/04,W,934712,592319,1527031
4/21/04,W,943108,597005,1540113
4/22/04,W,904333,597088,1501421
4/23/04,W,977752,615945,1593697
4/24/04,A,570050,314947,884997
4/25/04,U,373444,218019,591463
4/26/04,W,962323,576288,1538611
4/27/04,W,985057,588215,1573272
4/28/04,W,914358,585375,1499733
4/29/04,W,909979,580209,1490188
4/30/04,W,988876,579995,1568871
5/1/04,A,577088,282452,859540
5/2/04,U,417360,203143,620503
5/3/04,W,1028235,580844,1609079
5/4/04,W,1025965,615968,1641933
5/5/04,W,1019276,622837,1642113
5/6/04,W,994277,614497,1608774
5/7/04,W,960594,591026,1551620
5/8/04,A,628268,316493,944761
5/9/04,U,441379,221375,662754
5/10/04,W,939473,558691,1498164
5/11/04,W,965692,583729,1549421
5/12/04,W,944663,576643,1521306
5/13/04,W,929271,579703,1508974
5/14/04,W,899684,566238,1465922
5/15/04,A,615125,308012,923137
5/16/04,U,418466,214886,633352
5/17/04,W,961334,567520,1528854
5/18/04,W,957288,600273,1557561
5/19/04,W,1010917,613954,1624871
5/20/04,W,971148,604798,1575946
5/21/04,W,945657,592577,1538234
5/22/04,A,571606,316714,888320
5/23/04,U,398101,224372,622473
5/24/04,W,964387,572310,1536697
5/25/04,W,967725,586827,1554552
5/26/04,W,970166,583785,1553951
5/27/04,W,960973,583639,1544612
5/28/04,W,978308,574148,1552456
5/29/04,A,556778,288249,845027
5/30/04,U,327264,185353,512617
5/31/04,U,352611,210076,562687
6/1/04,W,988657,604744,1593401
6/2/04,W,995228,605193,1600421
6/3/04,W,1037077,597741,1634818
6/4/04,W,1031015,619850,1650865
6/5/04,A,664804,350348,1015152
6/6/04,U,433813,247799,681612
6/7/04,W,975883,602548,1578431
6/8/04,W,985865,627174,1613039
6/9/04,W,967899,616418,1584317
6/10/04,W,927625,614363,1541988
6/11/04,W,951407,584390,1535797
6/12/04,A,626396,347638,974034
6/13/04,U,418700,237263,655963
6/14/04,W,947940,569479,1517419
6/15/04,W,973303,591145,1564448
6/16/04,W,948614,584517,1533131
6/17/04,W,938259,585309,1523568
6/18/04,W,945720,600582,1546302
6/19/04,A,621841,336481,958322
6/20/04,U,431055,231581,662636
6/21/04,W,783458,540333,1323791
6/22/04,W,959598,597441,1557039
6/23/04,W,858709,578302,1437011
6/24/04,W,828438,571439,1399877
6/25/04,W,894184,629449,1523633
6/26/04,A,611676,374748,986424
6/27/04,U,430542,324978,755520
6/28/04,W,853024,572918,1425942
6/29/04,W,911992,643017,1555009
6/30/04,W,906761,639979,1546740
7/1/04,W,953538,646062,1599600
7/2/04,W,937281,647738,1585019
7/3/04,A,587961,418005,1005966
7/4/04,U,446583,324563,771146
7/5/04,U,420521,229820,650341
7/6/04,W,877429,556428,1433857
7/7/04,W,885461,568101,1453562
7/8/04,W,909149,580508,1489657
7/9/04,W,869159,560395,1429554
7/10/04,A,593638,305695,899333
7/11/04,U,418827,228013,646840
7/12/04,W,883883,564588,1448471
7/13/04,W,923012,571480,1494492
7/14/04,W,906552,581198,1487750
7/15/04,W,912348,615708,1528056
7/16/04,W,898626,610788,1509414
7/17/04,A,622104,365413,987517
7/18/04,U,440154,271230,711384
7/19/04,W,898918,593573,1492491
7/20/04,W,896643,606660,1503303
7/21/04,W,857917,590615,1448532
7/22/04,W,858154,598156,1456310
7/23/04,W,912722,590514,1503236
7/24/04,A,586037,319483,905520
7/25/04,U,425968,250189,676157
7/26/04,W,852027,565461,1417488
7/27/04,W,885055,590244,1475299
7/28/04,W,883672,581804,1465476
7/29/04,W,881356,574372,1455728
7/30/04,W,918563,599378,1517941
7/31/04,A,646791,376947,1023738
8/1/04,U,455048,251600,706648
8/2/04,W,882460,544308,1426768
8/3/04,W,933741,570440,1504181
8/4/04,W,867932,556467,1424399
8/5/04,W,918039,572708,1490747
8/6/04,W,918834,576089,1494923
8/7/04,A,608291,319929,928220
8/8/04,U,432272,235899,668171
8/9/04,W,866609,543743,1410352
8/10/04,W,859980,584756,1444736
8/11/04,W,848020,581158,1429178
8/12/04,W,836018,586637,1422655
8/13/04,W,887566,591673,1479239
8/14/04,A,659976,359470,1019446
8/15/04,U,428984,239400,668384
8/16/04,W,836413,531860,1368273
8/17/04,W,847772,547281,1395053
8/18/04,W,845492,550495,1395987
8/19/04,W,861625,560944,1422569
8/20/04,W,868398,568661,1437059
8/21/04,A,660686,360597,1021283
8/22/04,U,475738,271487,747225
8/23/04,W,857805,566252,1424057
8/24/04,W,819217,567497,1386714
8/25/04,W,831352,570388,1401740
8/26/04,W,860869,586981,1447850
8/27/04,W,878628,605790,1484418
8/28/04,A,548649,297684,846333
8/29/04,U,407683,243215,650898
8/30/04,W,884633,567769,1452402
8/31/04,W,899858,586695,1486553
9/1/04,W,973679,597386,1571065
9/2/04,W,953427,599495,1552922
9/3/04,W,975876,588503,1564379
9/4/04,A,653547,326695,980242
9/5/04,U,465576,257995,723571
9/6/04,U,409232,232087,641319
9/7/04,W,1050387,626352,1676739
9/8/04,W,1050697,637961,1688658
9/9/04,W,1045824,628271,1674095
9/10/04,W,1053387,651710,1705097
9/11/04,A,637407,355835,993242
9/12/04,U,448166,258509,706675
9/13/04,W,1042442,636868,1679310
9/14/04,W,1046788,648153,1694941
9/15/04,W,1024350,640279,1664629
9/16/04,W,1029871,621221,1651092
9/17/04,W,1047045,625246,1672291
9/18/04,A,636532,340756,977288
9/19/04,U,434873,237754,672627
9/20/04,W,1037831,618982,1656813
9/21/04,W,1050001,632360,1682361
9/22/04,W,1032930,629320,1662250
9/23/04,W,1044192,639139,1683331
9/24/04,W,1036019,622291,1658310
9/25/04,A,627583,322940,950523
9/26/04,U,424978,226180,651158
9/27/04,W,1027685,636750,1664435
9/28/04,W,1032855,651704,1684559
9/29/04,W,1026441,651246,1677687
9/30/04,W,1028258,652621,1680879
10/1/04,W,1093423,654384,1747807
10/2/04,A,682534,363581,1046115
10/3/04,U,450247,252513,702760
10/4/04,W,1069102,626058,1695160
10/5/04,W,1061080,632144,1693224
10/6/04,W,1049585,633595,1683180
10/7/04,W,1065448,640106,1705554
10/8/04,W,993752,633554,1627306
10/9/04,A,657042,363116,1020158
10/10/04,U,421756,350585,772341
10/11/04,W,798129,533211,1331340
10/12/04,W,1049798,636093,1685891
10/13/04,W,1041758,633630,1675388
10/14/04,W,1039134,634855,1673989
10/15/04,W,1030816,634543,1665359
10/16/04,A,626844,326448,953292
10/17/04,U,444240,243898,688138
10/18/04,W,996730,609460,1606190
10/19/04,W,1021166,624056,1645222
10/20/04,W,1023397,623762,1647159
10/21/04,W,1052476,637181,1689657
10/22/04,W,1042359,629243,1671602
10/23/04,A,596052,313794,909846
10/24/04,U,436838,227357,664195
10/25/04,W,1026913,612489,1639402
10/26/04,W,1022142,621378,1643520
10/27/04,W,1034962,628723,1663685
10/28/04,W,1033261,629827,1663088
10/29/04,W,1025574,630736,1656310
10/30/04,A,594150,318073,912223
10/31/04,U,429612,230321,659933
11/1/04,W,953969,587503,1541472
11/2/04,W,913103,577460,1490563
11/3/04,W,1075369,625991,1701360
11/4/04,W,1018608,623937,1642545
11/5/04,W,1062739,630151,1692890
11/6/04,A,647460,331394,978854
11/7/04,U,427407,222194,649601
11/8/04,W,1033733,615996,1649729
11/9/04,W,1035702,629375,1665077
11/10/04,W,1042750,635694,1678444
11/11/04,W,812757,549029,1361786
11/12/04,W,924772,606762,1531534
11/13/04,A,625173,331920,957093
11/14/04,U,413442,221405,634847
11/15/04,W,1006969,611786,1618755
11/16/04,W,1025607,623801,1649408
11/17/04,W,1018184,620535,1638719
11/18/04,W,951154,610552,1561706
11/19/04,W,1021327,622698,1644025
11/20/04,A,627629,371415,999044
11/21/04,U,427753,229287,657040
11/22/04,W,1018065,606086,1624151
11/23/04,W,1019132,616805,1635937
11/24/04,W,835824,550778,1386602
11/25/04,U,287787,147567,435354
11/26/04,W,591445,345213,936658
11/27/04,A,472803,246053,718856
11/28/04,U,384795,206685,591480
11/29/04,W,962243,588392,1550635
11/30/04,W,970374,600955,1571329
12/1/04,W,1032681,614286,1646967
12/2/04,W,1018483,613061,1631544
12/3/04,W,1060084,615342,1675426
12/4/04,A,638045,335317,973362
12/5/04,U,425127,231858,656985
12/6/04,W,1000415,587577,1587992
12/7/04,W,948268,587165,1535433
12/8/04,W,1017145,605103,1622248
12/9/04,W,1006857,607436,1614293
12/10/04,W,1010307,598887,1609194
12/11/04,A,602774,318757,921531
12/12/04,U,388481,205786,594267
12/13/04,W,922941,562847,1485788
12/14/04,W,934042,574048,1508090
12/15/04,W,974391,584961,1559352
12/16/04,W,969829,585749,1555578
12/17/04,W,978842,572764,1551606
12/18/04,A,587269,302065,889334
12/19/04,U,320403,181261,501664
12/20/04,W,726487,488937,1215424
12/21/04,W,783801,508747,1292548
12/22/04,W,725010,473787,1198797
12/23/04,W,670666,408740,1079406
12/24/04,W,425489,191941,617430
12/25/04,U,213912,87992,301904
12/26/04,U,327069,152351,479420
12/27/04,W,650769,386604,1037373
12/28/04,W,698229,438802,1137031
12/29/04,W,726475,456993,1183468
12/30/04,W,738698,457796,1196494
12/31/04,W,633996,364015,998011
1/1/05,U,334140,196267,530407
1/2/05,U,373512,183672,557184
1/3/05,W,894571,512620,1407191
1/4/05,W,972798,559563,1532361
1/5/05,W,851226,558698,1409924
1/6/05,W,862750,554283,1417033
1/7/05,W,915274,554769,1470043
1/8/05,A,533884,261042,794926
1/9/05,U,358628,177968,536596
1/10/05,W,979955,584456,1564411
1/11/05,W,954938,590368,1545306
1/12/05,W,972407,589359,1561766
1/13/05,W,931709,582596,1514305
1/14/05,W,894841,552090,1446931
1/15/05,A,481878,249401,731279
1/16/05,U,314149,169880,484029
1/17/05,W,539410,349284,888694
1/18/05,W,907849,569801,1477650
1/19/05,W,947581,583108,1530689
1/20/05,W,936302,590558,1526860
1/21/05,W,968823,591645,1560468
1/22/05,A,422190,263129,685319
1/23/05,U,345136,188044,533180
1/24/05,W,957377,580140,1537517
1/25/05,W,995268,592253,1587521
1/26/05,W,947433,581016,1528449
1/27/05,W,955413,587048,1542461
1/28/05,W,857968,554367,1412335
1/29/05,A,559310,277291,836601
1/30/05,U,387197,187644,574841
1/31/05,W,992251,583230,1575481
2/1/05,W,1050914,598684,1649598
2/2/05,W,1046742,599354,1646096
2/3/05,W,1061904,607326,1669230
2/4/05,W,1062971,595511,1658482
2/5/05,A,670035,312338,982373
2/6/05,U,413456,196102,609558
2/7/05,W,987016,578699,1565715
2/8/05,W,1005698,593343,1599041
2/9/05,W,989259,595976,1585235
2/10/05,W,1012514,596286,1608800
2/11/05,W,999975,566136,1566111
2/12/05,A,665453,316216,981669
2/13/05,U,384592,194152,578744
2/14/05,W,1015673,596928,1612601
2/15/05,W,980220,590777,1570997
2/16/05,W,1002714,602439,1605153
2/17/05,W,981996,593476,1575472
2/18/05,W,983784,582874,1566658
2/19/05,A,619586,308419,928005
2/20/05,U,365108,192834,557942
2/21/05,W,723673,445742,1169415
2/22/05,W,1002989,600405,1603394
2/23/05,W,996383,601647,1598030
2/24/05,W,982207,599568,1581775
2/25/05,W,1002592,590287,1592879
2/26/05,A,603707,304026,907733
2/27/05,U,386996,200694,587690
2/28/05,W,943655,578722,1522377
3/1/05,W,1012943,591771,1604714
3/2/05,W,984054,587875,1571929
3/3/05,W,1030040,600570,1630610
3/4/05,W,1027003,589864,1616867
3/5/05,A,625252,303912,929164
3/6/05,U,451472,218330,669802
3/7/05,W,814934,533210,1348144
3/8/05,W,1009879,597987,1607866
3/9/05,W,996362,598004,1594366
3/10/05,W,941999,585359,1527358
3/11/05,W,994830,587513,1582343
3/12/05,A,581761,317998,899759
3/13/05,U,393195,205254,598449
3/14/05,W,980033,583024,1563057
3/15/05,W,1017371,606409,1623780
3/16/05,W,1011281,607649,1618930
3/17/05,W,989736,605564,1595300
3/18/05,W,1017219,593449,1610668
3/19/05,A,610862,312814,923676
3/20/05,U,416015,208726,624741
3/21/05,W,849240,544264,1393504
3/22/05,W,861916,553996,1415912
3/23/05,W,837601,544825,1382426
3/24/05,W,848267,544242,1392509
3/25/05,W,717162,456076,1173238
3/26/05,A,550378,266697,817075
3/27/05,U,392111,172199,564310
3/28/05,W,968792,568013,1536805
3/29/05,W,1001423,598783,1600206
3/30/05,W,942056,580582,1522638
3/31/05,W,966045,589937,1555982
4/1/05,W,1050962,600913,1651875
4/2/05,A,663367,322162,985529
4/3/05,U,440189,229712,669901
4/4/05,W,1035659,608092,1643751
4/5/05,W,1048343,612259,1660602
4/6/05,W,1005400,610876,1616276
4/7/05,W,1001832,612048,1613880
4/8/05,W,1034023,642939,1676962
4/9/05,A,645280,347387,992667
4/10/05,U,439237,244746,683983
4/11/05,W,1013684,615683,1629367
4/12/05,W,938160,597721,1535881
4/13/05,W,1016213,630756,1646969
4/14/05,W,1026667,616143,1642810
4/15/05,W,953214,602625,1555839
4/16/05,A,637641,331817,969458
4/17/05,U,428663,225292,653955
4/18/05,W,1015285,609637,1624922
4/19/05,W,1011163,622316,1633479
4/20/05,W,963837,600039,1563876
4/21/05,W,954629,601125,1555754
4/22/05,W,926157,588764,1514921
4/23/05,A,541013,297122,838135
4/24/05,U,401026,221195,622221
4/25/05,W,1003896,610619,1614515
4/26/05,W,1002029,620181,1622210
4/27/05,W,932943,620361,1553304
4/28/05,W,945137,604452,1549589
4/29/05,W,1036716,608264,1644980
4/30/05,A,635054,315323,950377
5/1/05,U,406509,215144,621653
5/2/05,W,1000310,585188,1585498
5/3/05,W,1045152,610739,1655891
5/4/05,W,1036608,612365,1648973
5/5/05,W,1044204,621992,1666196
5/6/05,W,1027299,626005,1653304
5/7/05,A,613000,341551,954551
5/8/05,U,441575,242829,684404
5/9/05,W,960649,593537,1554186
5/10/05,W,1033686,634549,1668235
5/11/05,W,908042,592526,1500568
5/12/05,W,976440,605243,1581683
5/13/05,W,980674,597196,1577870
5/14/05,A,615871,324491,940362
5/15/05,U,400447,218269,618716
5/16/05,W,1005555,598942,1604497
5/17/05,W,1013627,607296,1620923
5/18/05,W,1003414,604841,1608255
5/19/05,W,951340,593341,1544681
5/20/05,W,1028933,625628,1654561
5/21/05,A,647441,353375,1000816
5/22/05,U,436056,249081,685137
5/23/05,W,997640,612963,1610603
5/24/05,W,1017021,636017,1653038
5/25/05,W,1002504,628633,1631137
5/26/05,W,995429,632007,1627436
5/27/05,W,987014,616101,1603115
5/28/05,A,583683,356717,940400
5/29/05,U,415969,261440,677409
5/30/05,U,403677,232100,635777
5/31/05,W,968847,591522,1560369
6/1/05,W,1041992,613034,1655026
6/2/05,W,1015376,603865,1619241
6/3/05,W,1049697,616170,1665867
6/4/05,A,621165,322782,943947
6/5/05,U,448366,236960,685326
6/6/05,W,1012097,619504,1631601
6/7/05,W,1003186,628716,1631902
6/8/05,W,984240,632453,1616693
6/9/05,W,1000130,622726,1622856
6/10/05,W,997687,654887,1652574
6/11/05,A,647313,413642,1060955
6/12/05,U,446785,287623,734408
6/13/05,W,973038,628857,1601895
6/14/05,W,955995,635882,1591877
6/15/05,W,941737,637318,1579055
6/16/05,W,931626,603660,1535286
6/17/05,W,998232,611676,1609908
6/18/05,A,636265,346258,982523
6/19/05,U,459729,243775,703504
6/20/05,W,880325,591715,1472040
6/21/05,W,889907,606210,1496117
6/22/05,W,890705,607690,1498395
6/23/05,W,888587,593403,1481990
6/24/05,W,869672,643554,1513226
6/25/05,A,629963,398677,1028640
6/26/05,U,456191,354882,811073
6/27/05,W,867853,591716,1459569
6/28/05,W,870601,632227,1502828
6/29/05,W,871256,638601,1509857
6/30/05,W,878941,646980,1525921
7/1/05,W,945326,662564,1607890
7/2/05,A,686826,463297,1150123
7/3/05,U,559176,517599,1076775
7/4/05,U,422316,278678,700994
7/5/05,W,913873,569757,1483630
7/6/05,W,926125,590642,1516767
7/7/05,W,929359,578396,1507755
7/8/05,W,950222,591325,1541547
7/9/05,A,623556,331017,954573
7/10/05,U,444647,239684,684331
7/11/05,W,913284,573004,1486288
7/12/05,W,909026,585394,1494420
7/13/05,W,923039,596373,1519412
7/14/05,W,936684,634107,1570791
7/15/05,W,937018,631418,1568436
7/16/05,A,640959,397796,1038755
7/17/05,U,443824,270831,714655
7/18/05,W,902531,582649,1485180
7/19/05,W,937251,608460,1545711
7/20/05,W,888241,597676,1485917
7/21/05,W,920983,610460,1531443
7/22/05,W,945311,614666,1559977
7/23/05,A,604287,361618,965905
7/24/05,U,393689,255844,649533
7/25/05,W,850441,580681,1431122
7/26/05,W,876111,588210,1464321
7/27/05,W,931658,626793,1558451
7/28/05,W,923931,626164,1550095
7/29/05,W,928563,618229,1546792
7/30/05,A,637235,388729,1025964
7/31/05,U,446615,261208,707823
8/1/05,W,954299,574337,1528636
8/2/05,W,939108,600448,1539556
8/3/05,W,950814,598977,1549791
8/4/05,W,941632,597051,1538683
8/5/05,W,965152,603948,1569100
8/6/05,A,648849,357240,1006089
8/7/05,U,457639,261349,718988
8/8/05,W,910549,590758,1501307
8/9/05,W,917522,606419,1523941
8/10/05,W,913900,605306,1519206
8/11/05,W,859482,588881,1448363
8/12/05,W,929636,606537,1536173
8/13/05,A,608908,350010,958918
8/14/05,U,437664,248325,685989
8/15/05,W,892308,574348,1466656
8/16/05,W,904327,589228,1493555
8/17/05,W,909306,590352,1499658
8/18/05,W,855225,561329,1416554
8/19/05,W,934667,602164,1536831
8/20/05,A,659629,361304,1020933
8/21/05,U,511141,292892,804033
8/22/05,W,897988,597005,1494993
8/23/05,W,907676,616739,1524415
8/24/05,W,909467,616129,1525596
8/25/05,W,907614,590749,1498363
8/26/05,W,916046,625532,1541578
8/27/05,A,632625,364516,997141
8/28/05,U,445633,273101,718734
8/29/05,W,921906,612444,1534350
8/30/05,W,931235,625509,1556744
8/31/05,W,928354,631355,1559709
9/1/05,W,1019495,643731,1663226
9/2/05,W,1015964,632104,1648068
9/3/05,A,699122,377507,1076629
9/4/05,U,504460,323512,827972
9/5/05,U,469528,274053,743581
9/6/05,W,1094714,647343,1742057
9/7/05,W,1090847,664041,1754888
9/8/05,W,1090390,671553,1761943
9/9/05,W,1092990,672572,1765562
9/10/05,A,662248,379906,1042154
9/11/05,U,460444,257201,717645
9/12/05,W,1088861,674800,1763661
9/13/05,W,1081012,691104,1772116
9/14/05,W,1072662,687668,1760330
9/15/05,W,1070331,702096,1772427
9/16/05,W,1061189,689685,1750874
9/17/05,A,677602,404143,1081745
9/18/05,U,473997,292920,766917
9/19/05,W,1033841,657717,1691558
9/20/05,W,1091052,685957,1777009
9/21/05,W,1085278,685975,1771253
9/22/05,W,1045853,672603,1718456
9/23/05,W,1068977,699466,1768443
9/24/05,A,632952,390116,1023068
9/25/05,U,428577,277519,706096
9/26/05,W,1050587,651165,1701752
9/27/05,W,1091710,686977,1778687
9/28/05,W,1019140,668450,1687590
9/29/05,W,1065350,668926,1734276
9/30/05,W,1114521,673776,1788297
10/1/05,A,708008,373322,1081330
10/2/05,U,451633,245477,697110
10/3/05,W,1137817,638813,1776630
10/4/05,W,1099740,677721,1777461
10/5/05,W,1099507,689759,1789266
10/6/05,W,1084528,679966,1764494
10/7/05,W,1037669,663271,1700940
10/8/05,A,638239,378215,1016454
10/9/05,U,427142,372438,799580
10/10/05,W,811357,562228,1373585
10/11/05,W,1076154,687202,1763356
10/12/05,W,1053577,685743,1739320
10/13/05,W,1068998,665605,1734603
10/14/05,W,1091226,683174,1774400
10/15/05,A,670497,376816,1047313
10/16/05,U,456332,268898,725230
10/17/05,W,1046900,653518,1700418
10/18/05,W,1071110,669214,1740324
10/19/05,W,1056343,666799,1723142
10/20/05,W,1057585,676430,1734015
10/21/05,W,1064058,674291,1738349
10/22/05,A,624399,385602,1010001
10/23/05,U,421490,277349,698839
10/24/05,W,995935,637292,1633227
10/25/05,W,1034930,653259,1688189
10/26/05,W,1041390,662049,1703439
10/27/05,W,1039411,669962,1709373
10/28/05,W,1050188,734562,1784750
10/29/05,A,646559,378146,1024705
10/30/05,U,436487,251042,687529
10/31/05,W,1000931,636744,1637675
11/1/05,W,1104565,668971,1773536
11/2/05,W,1077276,667966,1745242
11/3/05,W,1108680,678842,1787522
11/4/05,W,994280,653744,1648024
11/5/05,A,624689,351850,976539
11/6/05,U,425669,239193,664862
11/7/05,W,1060057,648893,1708950
11/8/05,W,998603,642398,1641001
11/9/05,W,1034556,655614,1690170
11/10/05,W,1049433,672627,1722060
11/11/05,W,862413,587641,1450054
11/12/05,A,626889,351085,977974
11/13/05,U,416141,247977,664118
11/14/05,W,1021597,637498,1659095
11/15/05,W,1001890,644740,1646630
11/16/05,W,960835,625642,1586477
11/17/05,W,982303,636292,1618595
11/18/05,W,997001,635900,1632901
11/19/05,A,643136,395851,1038987
11/20/05,U,424683,243191,667874
11/21/05,W,1023750,627654,1651404
11/22/05,W,1012669,637432,1650101
11/23/05,W,946475,594581,1541056
11/24/05,U,265869,149351,415220
11/25/05,W,542621,335201,877822
11/26/05,A,520348,290786,811134
11/27/05,U,378931,214449,593380
11/28/05,W,964783,610273,1575056
11/29/05,W,964736,621228,1585964
11/30/05,W,975689,623427,1599116
12/1/05,W,1002814,637299,1640113
12/2/05,W,1012143,626729,1638872
12/3/05,A,602909,343944,946853
12/4/05,U,394671,232929,627600
12/5/05,W,959432,591559,1550991
12/6/05,W,943778,595172,1538950
12/7/05,W,922076,591500,1513576
12/8/05,W,900776,651313,1552089
12/9/05,W,922330,630309,1552639
12/10/05,A,545442,331523,876965
12/11/05,U,384544,223869,608413
12/12/05,W,974895,603601,1578496
12/13/05,W,984740,612377,1597117
12/14/05,W,959741,629222,1588963
12/15/05,W,972435,621555,1593990
12/16/05,W,952574,605734,1558308
12/17/05,A,576780,326028,902808
12/18/05,U,371336,222374,593710
12/19/05,W,860779,535968,1396747
12/20/05,W,894974,534766,1429740
12/21/05,W,918067,553734,1471801
12/22/05,W,912016,544544,1456560
12/23/05,W,878003,479373,1357376
12/24/05,A,481238,198644,679882
12/25/05,U,263158,105718,368876
12/26/05,U,437677,224784,662461
12/27/05,W,735303,457726,1193029
12/28/05,W,711850,462580,1174430
12/29/05,W,738031,481238,1219269
12/30/05,W,762706,471541,1234247
12/31/05,A,526241,307444,833685
1/1/06,U,287126,203291,490417
1/2/06,U,360273,215920,576193
1/3/06,W,772171,540341,1312512
1/4/06,W,759600,543243,1302843
1/5/06,W,766560,550285,1316845
1/6/06,W,788239,551707,1339946
1/7/06,A,518237,280538,798775
1/8/06,U,367927,199691,567618
1/9/06,W,917702,588402,1506104
1/10/06,W,938390,600336,1538726
1/11/06,W,927898,602096,1529994
1/12/06,W,955926,616251,1572177
1/13/06,W,887164,585207,1472371
1/14/06,A,558211,309983,868194
1/15/06,U,381225,223499,604724
1/16/06,W,605772,399562,1005334
1/17/06,W,948555,619527,1568082
1/18/06,W,954238,621428,1575666
1/19/06,W,983087,634043,1617130
1/20/06,W,944694,615420,1560114
1/21/06,A,542740,308378,851118
1/22/06,U,371481,208257,579738
1/23/06,W,976988,626292,1603280
1/24/06,W,972893,634204,1607097
1/25/06,W,980770,634664,1615434
1/26/06,W,988382,643068,1631450
1/27/06,W,889516,608327,1497843
1/28/06,A,568287,314425,882712
1/29/06,U,380026,223196,603222
1/30/06,W,966708,614814,1581522
1/31/06,W,995530,634459,1629989
2/1/06,W,1035412,641676,1677088
2/2/06,W,1025866,642353,1668219
2/3/06,W,1020411,627330,1647741
2/4/06,A,587568,317239,904807
2/5/06,U,390808,211645,602453
2/6/06,W,986048,612106,1598154
2/7/06,W,1008328,631742,1640070
2/8/06,W,977974,629155,1607129
2/9/06,W,984574,635409,1619983
2/10/06,W,1003608,623814,1627422
2/11/06,A,601208,327796,929004
2/12/06,U,405657,221409,627066
2/13/06,W,799595,546148,1345743
2/14/06,W,1044587,644218,1688805
2/15/06,W,988045,626072,1614117
2/16/06,W,930188,613347,1543535
2/17/06,W,942685,604038,1546723
2/18/06,A,450578,265649,716227
2/19/06,U,334766,196957,531723
2/20/06,W,681948,453199,1135147
2/21/06,W,993188,623860,1617048
2/22/06,W,999636,629122,1628758
2/23/06,W,991146,635013,1626159
2/24/06,W,987623,615401,1603024
2/25/06,A,580618,314037,894655
2/26/06,U,386242,211388,597630
2/27/06,W,959193,603047,1562240
2/28/06,W,987195,623237,1610432
3/1/06,W,1020267,627527,1647794
3/2/06,W,986927,620235,1607162
3/3/06,W,1021045,620890,1641935
3/4/06,A,609288,322365,931653
3/5/06,U,363219,208605,571824
3/6/06,W,794246,550369,1344615
3/7/06,W,1006095,626557,1632652
3/8/06,W,982979,623290,1606269
3/9/06,W,979823,627081,1606904
3/10/06,W,1015665,721158,1736823
3/11/06,A,614019,386305,1000324
3/12/06,U,400822,233603,634425
3/13/06,W,968366,609970,1578336
3/14/06,W,1000900,629929,1630829
3/15/06,W,1005800,632700,1638500
3/16/06,W,953483,630443,1583926
3/17/06,W,989694,633801,1623495
3/18/06,A,603484,347527,951011
3/19/06,U,413687,225740,639427
3/20/06,W,963013,587104,1550117
3/21/06,W,943649,585590,1529239
3/22/06,W,982523,605646,1588169
3/23/06,W,979617,609325,1588942
3/24/06,W,978424,597943,1576367
3/25/06,A,620929,322685,943614
3/26/06,U,433649,234862,668511
3/27/06,W,962206,601488,1563694
3/28/06,W,981183,619650,1600833
3/29/06,W,987756,636692,1624448
3/30/06,W,996804,600724,1597528
3/31/06,W,1028124,641079,1669203
4/1/06,A,620450,348344,968794
4/2/06,U,391830,254413,646243
4/3/06,W,985177,616386,1601563
4/4/06,W,1042810,660381,1703191
4/5/06,W,1020222,654034,1674256
4/6/06,W,998368,635705,1634073
4/7/06,W,880902,634777,1515679
4/8/06,A,607382,360442,967824
4/9/06,U,426567,258613,685180
4/10/06,W,880692,601070,1481762
4/11/06,W,885029,628374,1513403
4/12/06,W,877362,627736,1505098
4/13/06,W,871878,634065,1505943
4/14/06,W,804781,551524,1356305
4/15/06,A,592251,323845,916096
4/16/06,U,324770,181980,506750
4/17/06,W,964793,623255,1588048
4/18/06,W,1000958,646316,1647274
4/19/06,W,984239,652275,1636514
4/20/06,W,938226,641954,1580180
4/21/06,W,999808,659127,1658935
4/22/06,A,607395,357315,964710
4/23/06,U,415959,248173,664132
4/24/06,W,998455,642816,1641271
4/25/06,W,953034,636129,1589163
4/26/06,W,952603,649967,1602570
4/27/06,W,955057,644011,1599068
4/28/06,W,1008989,666532,1675521
4/29/06,A,574038,343244,917282
4/30/06,U,345287,224122,569409
5/1/06,W,997873,738966,1736839
5/2/06,W,1045233,664946,1710179
5/3/06,W,1060500,663686,1724186
5/4/06,W,1047587,665514,1713101
5/5/06,W,1023957,651798,1675755
5/6/06,A,637405,368890,1006295
5/7/06,U,438858,258592,697450
5/8/06,W,1010412,624197,1634609
5/9/06,W,1004081,650430,1654511
5/10/06,W,1007923,648361,1656284
5/11/06,W,926462,621331,1547793
5/12/06,W,958553,639308,1597861
5/13/06,A,587533,340904,928437
5/14/06,U,411861,249652,661513
5/15/06,W,961857,601838,1563695
5/16/06,W,994913,648507,1643420
5/17/06,W,964565,640270,1604835
5/18/06,W,987234,653070,1640304
5/19/06,W,994011,651428,1645439
5/20/06,A,619536,365397,984933
5/21/06,U,423940,258770,682710
5/22/06,W,996607,629775,1626382
5/23/06,W,1013298,647643,1660941
5/24/06,W,951852,631510,1583362
5/25/06,W,978387,639540,1617927
5/26/06,W,988688,657379,1646067
5/27/06,A,646979,358425,1005404
5/28/06,U,461625,282850,744475
5/29/06,U,381213,245203,626416
5/30/06,W,945888,632333,1578221
5/31/06,W,968145,646966,1615111
6/1/06,W,1028046,638192,1666238
6/2/06,W,1031966,647618,1679584
6/3/06,A,668592,371768,1040360
6/4/06,U,457674,274564,732238
6/5/06,W,1005516,625171,1630687
6/6/06,W,1008096,653049,1661145
6/7/06,W,1012230,666040,1678270
6/8/06,W,1011430,675651,1687081
6/9/06,W,988332,652258,1640590
6/10/06,A,573542,349687,923229
6/11/06,U,424510,267884,692394
6/12/06,W,960901,623525,1584426
6/13/06,W,961923,664539,1626462
6/14/06,W,941928,665279,1607207
6/15/06,W,907237,659507,1566744
6/16/06,W,966314,667762,1634076
6/17/06,A,616266,384541,1000807
6/18/06,U,412366,259888,672254
6/19/06,W,880777,608854,1489631
6/20/06,W,889908,636659,1526567
6/21/06,W,859537,629433,1488970
6/22/06,W,872019,633021,1505040
6/23/06,W,905242,639365,1544607
6/24/06,A,607951,371810,979761
6/25/06,U,407079,302719,709798
6/26/06,W,852939,626802,1479741
6/27/06,W,886147,642922,1529069
6/28/06,W,886828,649479,1536307
6/29/06,W,899339,667597,1566936
6/30/06,W,950077,716112,1666189
7/1/06,A,631294,429319,1060613
7/2/06,U,440041,343944,783985
7/3/06,W,802169,684040,1486209
7/4/06,U,450356,350242,800598
7/5/06,W,901332,661426,1562758
7/6/06,W,925381,678340,1603721
7/7/06,W,928760,702727,1631487
7/8/06,A,625575,423300,1048875
7/9/06,U,443095,313512,756607
7/10/06,W,900356,618702,1519058
7/11/06,W,873419,605343,1478762
7/12/06,W,926286,615196,1541482
7/13/06,W,922492,644488,1566980
7/14/06,W,889540,669868,1559408
7/15/06,A,603018,412144,1015162
7/16/06,U,418278,308173,726451
7/17/06,W,886469,626986,1513455
7/18/06,W,927651,675064,1602715
7/19/06,W,911699,687896,1599595
7/20/06,W,827202,644150,1471352
7/21/06,W,931578,676491,1608069
7/22/06,A,625346,408434,1033780
7/23/06,U,446438,284632,731070
7/24/06,W,906725,633184,1539909
7/25/06,W,919219,650364,1569583
7/26/06,W,897731,641296,1539027
7/27/06,W,894993,663387,1558380
7/28/06,W,900144,673789,1573933
7/29/06,A,593188,423092,1016280
7/30/06,U,416361,290935,707296
7/31/06,W,831261,608739,1440000
8/1/06,W,894297,619717,1514014
8/2/06,W,872246,628299,1500545
8/3/06,W,911057,656020,1567077
8/4/06,W,951984,722072,1674056
8/5/06,A,645372,472159,1117531
8/6/06,U,451477,357797,809274
8/7/06,W,905263,633078,1538341
8/8/06,W,916905,646778,1563683
8/9/06,W,909623,641076,1550699
8/10/06,W,856682,614321,1471003
8/11/06,W,909305,638056,1547361
8/12/06,A,652458,391862,1044320
8/13/06,U,433792,268208,702000
8/14/06,W,857738,595551,1453289
8/15/06,W,888214,618372,1506586
8/16/06,W,878842,620892,1499734
8/17/06,W,874196,628756,1502952
8/18/06,W,869355,638938,1508293
8/19/06,A,612065,384987,997052
8/20/06,U,481484,321400,802884
8/21/06,W,878842,613716,1492558
8/22/06,W,896666,628952,1525618
8/23/06,W,891561,632682,1524243
8/24/06,W,831663,617548,1449211
8/25/06,W,895640,645738,1541378
8/26/06,A,592637,361355,953992
8/27/06,U,417115,276143,693258
8/28/06,W,792601,587722,1380323
8/29/06,W,891705,638128,1529833
8/30/06,W,913445,650359,1563804
8/31/06,W,917102,654437,1571539
9/1/06,W,977274,663472,1640746
9/2/06,A,668504,405986,1074490
9/3/06,U,488706,320575,809281
9/4/06,U,404856,256882,661738
9/5/06,W,1056228,680476,1736704
9/6/06,W,1069326,706958,1776284
9/7/06,W,1043601,726551,1770152
9/8/06,W,985806,708845,1694651
9/9/06,A,609019,386190,995209
9/10/06,U,379770,245048,624818
9/11/06,W,981275,656692,1637967
9/12/06,W,1030796,694780,1725576
9/13/06,W,992146,694220,1686366
9/14/06,W,1054398,719561,1773959
9/15/06,W,1060398,729995,1790393
9/16/06,A,651694,421692,1073386
9/17/06,U,433989,294159,728148
9/18/06,W,1037929,688531,1726460
9/19/06,W,1041255,690760,1732015
9/20/06,W,1053131,700536,1753667
9/21/06,W,1044501,696162,1740663
9/22/06,W,993335,668669,1662004
9/23/06,A,584517,349931,934448
9/24/06,U,420423,259500,679923
9/25/06,W,1041474,666046,1707520
9/26/06,W,1054882,695484,1750366
9/27/06,W,1035426,690413,1725839
9/28/06,W,1043356,676811,1720167
9/29/06,W,1058057,699340,1757397
9/30/06,A,636906,394280,1031186
10/1/06,U,462755,296236,758991
10/2/06,W,981933,635901,1617834
10/3/06,W,1064774,681381,1746155
10/4/06,W,1026517,675804,1702321
10/5/06,W,1060282,698851,1759133
10/6/06,W,1055911,691122,1747033
10/7/06,A,641240,373957,1015197
10/8/06,U,452460,283787,736247
10/9/06,W,806458,572361,1378819
10/10/06,W,1055021,684475,1739496
10/11/06,W,1022625,684138,1706763
10/12/06,W,998899,676609,1675508
10/13/06,W,1014747,680633,1695380
10/14/06,A,622249,386404,1008653
10/15/06,U,420083,260059,680142
10/16/06,W,1011001,668480,1679481
10/17/06,W,1029815,683799,1713614
10/18/06,W,1035671,687285,1722956
10/19/06,W,1035827,689629,1725456
10/20/06,W,1031742,705991,1737733
10/21/06,A,631254,403698,1034952
10/22/06,U,389726,375938,765664
10/23/06,W,1018534,659505,1678039
10/24/06,W,1043962,675059,1719021
10/25/06,W,1057646,663754,1721400
10/26/06,W,994421,659139,1653560
10/27/06,W,1007282,663912,1671194
10/28/06,A,622775,364159,986934
10/29/06,U,434824,265624,700448
10/30/06,W,1033777,660257,1694034
10/31/06,W,997495,663340,1660835
11/1/06,W,1053237,673789,1727026
11/2/06,W,1012046,671054,1683100
11/3/06,W,959706,654291,1613997
11/4/06,A,609584,356326,965910
11/5/06,U,435747,266756,702503
11/6/06,W,1026257,653935,1680192
11/7/06,W,1033037,651606,1684643
11/8/06,W,1046870,674951,1721821
11/9/06,W,1001116,668263,1669379
11/10/06,W,935843,610547,1546390
11/11/06,A,591773,376391,968164
11/12/06,U,417471,251876,669347
11/13/06,W,1007564,643008,1650572
11/14/06,W,1047208,669094,1716302
11/15/06,W,1039976,661667,1701643
11/16/06,W,998140,658701,1656841
11/17/06,W,1018763,664438,1683201
11/18/06,A,620464,403175,1023639
11/19/06,U,417408,242830,660238
11/20/06,W,1022880,638117,1660997
11/21/06,W,1022970,651230,1674200
11/22/06,W,980561,616974,1597535
11/23/06,U,318233,182131,500364
11/24/06,W,628700,393228,1021928
11/25/06,A,549875,317650,867525
11/26/06,U,400592,234961,635553
11/27/06,W,1012191,628799,1640990
11/28/06,W,1030255,648239,1678494
11/29/06,W,976231,634505,1610736
11/30/06,W,985569,649626,1635195
12/1/06,W,912314,629776,1542090
12/2/06,A,595637,338009,933646
12/3/06,U,375419,224761,600180
12/4/06,W,962864,605349,1568213
12/5/06,W,992857,620241,1613098
12/6/06,W,1015490,629687,1645177
12/7/06,W,921792,603900,1525692
12/8/06,W,952445,626294,1578739
12/9/06,A,590225,344215,934440
12/10/06,U,406068,237226,643294
12/11/06,W,995926,609360,1605286
12/12/06,W,991473,612992,1604465
12/13/06,W,1020619,640224,1660843
12/14/06,W,1007667,626704,1634371
12/15/06,W,1002739,632077,1634816
12/16/06,A,632218,356756,988974
12/17/06,U,432910,251802,684712
12/18/06,W,990534,591895,1582429
12/19/06,W,1019785,596338,1616123
12/20/06,W,975226,586048,1561274
12/21/06,W,924778,564199,1488977
12/22/06,W,906201,529373,1435574
12/23/06,A,578507,277455,855962
12/24/06,U,391926,175847,567773
12/25/06,U,242369,112855,355224
12/26/06,W,652808,377449,1030257
12/27/06,W,732919,460703,1193622
12/28/06,W,758151,487441,1245592
12/29/06,W,816636,499735,1316371
12/30/06,A,589298,310684,899982
12/31/06,U,412048,293362,705410
1/1/07,U,326042,219953,545995
1/2/07,W,772549,452097,1224646
1/3/07,W,871683,561287,1432970
1/4/07,W,814984,548904,1363888
1/5/07,W,862748,569322,1432070
1/6/07,A,580851,305019,885870
1/7/07,U,384626,208188,592814
1/8/07,W,976783,594028,1570811
1/9/07,W,978577,598746,1577323
1/10/07,W,968643,599118,1567761
1/11/07,W,967218,602194,1569412
1/12/07,W,973391,603456,1576847
1/13/07,A,562827,308047,870874
1/14/07,U,368736,217983,586719
1/15/07,W,604564,389675,994239
1/16/07,W,978082,620145,1598227
1/17/07,W,977527,618895,1596422
1/18/07,W,982237,620579,1602816
1/19/07,W,978490,617473,1595963
1/20/07,A,576490,316657,893147
1/21/07,U,364130,214796,578926
1/22/07,W,1002003,616824,1618827
1/23/07,W,1011645,629993,1641638
1/24/07,W,1006911,629208,1636119
1/25/07,W,988347,630002,1618349
1/26/07,W,901880,600561,1502441
1/27/07,A,578477,314380,892857
1/28/07,U,345116,199255,544371
1/29/07,W,945286,594742,1540028
1/30/07,W,952201,604145,1556346
1/31/07,W,943384,598814,1542198
2/1/07,W,1007882,616420,1624302
2/2/07,W,958446,584607,1543053
2/3/07,A,454188,247767,701955
2/4/07,U,266510,162712,429222
2/5/07,W,761572,500675,1262247
2/6/07,W,850354,564981,1415335
2/7/07,W,933093,593113,1526206
2/8/07,W,948308,591797,1540105
2/9/07,W,944364,582089,1526453
2/10/07,A,546086,292046,838132
2/11/07,U,369026,201895,570921
2/12/07,W,793846,530211,1324057
2/13/07,W,805441,607127,1412568
2/14/07,W,884567,596676,1481243
2/15/07,W,933588,604415,1538003
2/16/07,W,928048,589591,1517639
2/17/07,A,562470,306944,869414
2/18/07,U,394698,226617,621315
2/19/07,W,736322,466950,1203272
2/20/07,W,1030943,626057,1657000
2/21/07,W,1036604,631249,1667853
2/22/07,W,1018598,631479,1650077
2/23/07,W,999849,617663,1617512
2/24/07,A,544391,302947,847338
2/25/07,U,331808,195652,527460
2/26/07,W,953661,597444,1551105
2/27/07,W,998059,610100,1608159
2/28/07,W,997324,617882,1615206
3/1/07,W,991173,616136,1607309
3/2/07,W,961731,596551,1558282
3/3/07,A,582869,304060,886929
3/4/07,U,400292,214735,615027
3/5/07,W,861145,558483,1419628
3/6/07,W,1004928,611416,1616344
3/7/07,W,1000287,611040,1611327
3/8/07,W,1019684,625383,1645067
3/9/07,W,1021269,616768,1638037
3/10/07,A,645222,343183,988405
3/11/07,U,435861,237257,673118
3/12/07,W,1009154,613447,1622601
3/13/07,W,1053169,648460,1701629
3/14/07,W,1010219,631196,1641415
3/15/07,W,1011742,635295,1647037
3/16/07,W,1019835,638871,1658706
3/17/07,A,622487,432315,1054802
3/18/07,U,420366,236110,656476
3/19/07,W,1007874,607303,1615177
3/20/07,W,1031451,620644,1652095
3/21/07,W,970928,596843,1567771
3/22/07,W,1025487,620409,1645896
3/23/07,W,997803,601679,1599482
3/24/07,A,619377,326859,946236
3/25/07,U,442112,267216,709328
3/26/07,W,1011806,604279,1616085
3/27/07,W,1010067,606509,1616576
3/28/07,W,981180,608639,1589819
3/29/07,W,1014456,626073,1640529
3/30/07,W,1037493,621496,1658989
3/31/07,A,608037,323073,931110
4/1/07,U,425595,222200,647795
4/2/07,W,936869,574727,1511596
4/3/07,W,932688,564461,1497149
4/4/07,W,874823,565985,1440808
4/5/07,W,892666,577450,1470116
4/6/07,W,822387,508529,1330916
4/7/07,A,547926,279962,827888
4/8/07,U,374365,189557,563922
4/9/07,W,1002171,601020,1603191
4/10/07,W,1048978,629888,1678866
4/11/07,W,921761,585857,1507618
4/12/07,W,1015749,617734,1633483
4/13/07,W,946466,621763,1568229
4/14/07,A,619468,349162,968630
4/15/07,U,447385,250988,698373
4/16/07,W,1057373,622244,1679617
4/17/07,W,1058244,631795,1690039
4/18/07,W,1030970,617779,1648749
4/19/07,W,987896,617546,1605442
4/20/07,W,1049980,647296,1697276
4/21/07,A,672236,371504,1043740
4/22/07,U,474187,271708,745895
4/23/07,W,1021947,617017,1638964
4/24/07,W,1054294,631249,1685543
4/25/07,W,927830,604311,1532141
4/26/07,W,954930,604957,1559887
4/27/07,W,1017433,617985,1635418
4/28/07,A,657645,320088,977733
4/29/07,U,467869,237595,705464
4/30/07,W,1030435,599953,1630388
5/1/07,W,1096741,680365,1777106
5/2/07,W,1067338,617675,1685013
5/3/07,W,1102282,631926,1734208
5/4/07,W,1081903,642564,1724467
5/5/07,A,664729,360852,1025581
5/6/07,U,470694,266988,737682
5/7/07,W,1059535,610376,1669911
5/8/07,W,1079400,648555,1727955
5/9/07,W,1061512,645132,1706644
5/10/07,W,1065947,654856,1720803
5/11/07,W,1050841,668098,1718939
5/12/07,A,660001,329029,989030
5/13/07,U,446076,224489,670565
5/14/07,W,1017451,586905,1604356
5/15/07,W,999166,604844,1604010
5/16/07,W,1028004,625297,1653301
5/17/07,W,1043033,627116,1670149
5/18/07,W,1044582,643462,1688044
5/19/07,A,684079,343947,1028026
5/20/07,U,422463,233007,655470
5/21/07,W,1039954,614276,1654230
5/22/07,W,1044661,627087,1671748
5/23/07,W,1028065,623366,1651431
5/24/07,W,1009067,617536,1626603
5/25/07,W,995233,611019,1606252
5/26/07,A,556682,307727,864409
5/27/07,U,451833,270636,722469
5/28/07,U,415256,254935,670191
5/29/07,W,1024735,622662,1647397
5/30/07,W,1055384,637763,1693147
5/31/07,W,997007,612977,1609984
6/1/07,W,1079848,654251,1734099
6/2/07,A,680844,367035,1047879
6/3/07,U,461358,263646,725004
6/4/07,W,988557,611310,1599867
6/5/07,W,1067413,643474,1710887
6/6/07,W,1047624,641107,1688731
6/7/07,W,1041490,656169,1697659
6/8/07,W,1025937,653397,1679334
6/9/07,A,661835,402393,1064228
6/10/07,U,466294,291979,758273
6/11/07,W,1000007,645161,1645168
6/12/07,W,1015390,660899,1676289
6/13/07,W,955467,654913,1610380
6/14/07,W,944081,653008,1597089
6/15/07,W,1018966,670995,1689961
6/16/07,A,633038,363871,996909
6/17/07,U,464411,257682,722093
6/18/07,W,898272,590320,1488592
6/19/07,W,954392,618913,1573305
6/20/07,W,952574,625805,1578379
6/21/07,W,941671,626907,1568578
6/22/07,W,915690,623048,1538738
6/23/07,A,576598,336644,913242
6/24/07,U,451145,346881,798026
6/25/07,W,922491,619299,1541790
6/26/07,W,887917,623390,1511307
6/27/07,W,905210,627568,1532778
6/28/07,W,927302,620611,1547913
6/29/07,W,968906,708650,1677556
6/30/07,A,680629,447188,1127817
7/1/07,U,495101,354648,849749
7/2/07,W,955129,644079,1599208
7/3/07,W,1048504,848262,1896766
7/4/07,U,486961,349716,836677
7/5/07,W,933153,655871,1589024
7/6/07,W,956208,696508,1652716
7/7/07,A,640418,398525,1038943
7/8/07,U,443791,287948,731739
7/9/07,W,896820,587889,1484709
7/10/07,W,939774,610001,1549775
7/11/07,W,973860,629790,1603650
7/12/07,W,962640,631002,1593642
7/13/07,W,956346,676306,1632652
7/14/07,A,687968,383132,1071100
7/15/07,U,489228,289728,778956
7/16/07,W,939642,627282,1566924
7/17/07,W,945057,637429,1582486
7/18/07,W,939708,654848,1594556
7/19/07,W,935717,648112,1583829
7/20/07,W,959207,655992,1615199
7/21/07,A,685445,366356,1051801
7/22/07,U,480317,266827,747144
7/23/07,W,937452,613805,1551257
7/24/07,W,935763,624166,1559929
7/25/07,W,939278,626658,1565936
7/26/07,W,919288,624338,1543626
7/27/07,W,923332,625772,1549104
7/28/07,A,641760,380163,1021923
7/29/07,U,457951,272684,730635
7/30/07,W,917757,620439,1538196
7/31/07,W,946285,637331,1583616
8/1/07,W,974958,643448,1618406
8/2/07,W,944912,650901,1595813
8/3/07,W,976842,692273,1669115
8/4/07,A,646378,422115,1068493
8/5/07,U,457228,332786,790014
8/6/07,W,908881,591244,1500125
8/7/07,W,930259,609984,1540243
8/8/07,W,911127,598593,1509720
8/9/07,W,921233,610768,1532001
8/10/07,W,942284,617817,1560101
8/11/07,A,710009,379200,1089209
8/12/07,U,472709,262521,735230
8/13/07,W,901029,574616,1475645
8/14/07,W,905711,605080,1510791
8/15/07,W,906121,603458,1509579
8/16/07,W,910468,620464,1530932
8/17/07,W,940525,629675,1570200
8/18/07,A,613516,367895,981411
8/19/07,U,384648,241159,625807
8/20/07,W,869663,597026,1466689
8/21/07,W,927597,600468,1528065
8/22/07,W,929593,601469,1531062
8/23/07,W,848806,578731,1427537
8/24/07,W,886880,605153,1492033
8/25/07,A,660678,362365,1023043
8/26/07,U,491356,274617,765973
8/27/07,W,952232,609440,1561672
8/28/07,W,986289,648482,1634771
8/29/07,W,961627,640436,1602063
8/30/07,W,968474,666661,1635135
8/31/07,W,1012720,674373,1687093
9/1/07,A,697334,412998,1110332
9/2/07,U,506887,328760,835647
9/3/07,U,461629,275023,736652
9/4/07,W,1096027,666200,1762227
9/5/07,W,1097897,689499,1787396
9/6/07,W,1068817,689347,1758164
9/7/07,W,1043967,668804,1712771
9/8/07,A,700510,374022,1074532
9/9/07,U,484803,266371,751174
9/10/07,W,1072218,676612,1748830
9/11/07,W,1108582,679973,1788555
9/12/07,W,1090043,680733,1770776
9/13/07,W,1073415,664991,1738406
9/14/07,W,1070397,669129,1739526
9/15/07,A,642789,378741,1021530
9/16/07,U,455579,272814,728393
9/17/07,W,1080112,675627,1755739
9/18/07,W,1104193,689330,1793523
9/19/07,W,1098945,692726,1791671
9/20/07,W,1085299,682588,1767887
9/21/07,W,1077275,697999,1775274
9/22/07,A,678534,361587,1040121
9/23/07,U,481232,269325,750557
9/24/07,W,1065887,649262,1715149
9/25/07,W,1064946,664976,1729922
9/26/07,W,1009515,660197,1669712
9/27/07,W,1093222,675936,1769158
9/28/07,W,1080223,680820,1761043
9/29/07,A,678705,358750,1037455
9/30/07,U,463947,239074,703021
10/1/07,W,1088750,652510,1741260
10/2/07,W,1129578,669817,1799395
10/3/07,W,1141300,678734,1820034
10/4/07,W,1121496,682778,1804274
10/5/07,W,1108038,681736,1789774
10/6/07,A,693470,430713,1124183
10/7/07,U,450253,394647,844900
10/8/07,W,857090,563619,1420709
10/9/07,W,1119151,673318,1792469
10/10/07,W,1075443,666054,1741497
10/11/07,W,1080412,674960,1755372
10/12/07,W,1081900,669582,1751482
10/13/07,A,657864,338481,996345
10/14/07,U,452914,234730,687644
10/15/07,W,1087003,651751,1738754
10/16/07,W,1084935,664961,1749896
10/17/07,W,1096384,668523,1764907
10/18/07,W,1056395,666975,1723370
10/19/07,W,974134,654836,1628970
10/20/07,A,731918,352442,1084360
10/21/07,U,499779,243884,743663
10/22/07,W,1056369,648233,1704602
10/23/07,W,1088752,662913,1751665
10/24/07,W,1080803,662981,1743784
10/25/07,W,1072949,672155,1745104
10/26/07,W,1061706,659354,1721060
10/27/07,A,678861,330492,1009353
10/28/07,U,472765,233248,706013
10/29/07,W,1049394,639837,1689231
10/30/07,W,1088015,654838,1742853
10/31/07,W,1036100,646598,1682698
11/1/07,W,1102515,662120,1764635
11/2/07,W,1019370,640204,1659574
11/3/07,A,718550,331447,1049997
11/4/07,U,491005,224395,715400
11/5/07,W,1074116,645467,1719583
11/6/07,W,1063193,655389,1718582
11/7/07,W,1010629,643227,1653856
11/8/07,W,1058758,663386,1722144
11/9/07,W,1038131,658500,1696631
11/10/07,A,699360,323757,1023117
11/11/07,U,462568,216467,679035
11/12/07,W,843086,551847,1394933
11/13/07,W,1095253,660671,1755924
11/14/07,W,1073985,652294,1726279
11/15/07,W,1056246,653620,1709866
11/16/07,W,1063833,645494,1709327
11/17/07,A,651609,373784,1025393
11/18/07,U,451689,224895,676584
11/19/07,W,1045626,628079,1673705
11/20/07,W,1055688,638081,1693769
11/21/07,W,933046,578739,1511785
11/22/07,U,294447,157890,452337
11/23/07,W,619195,356064,975259
11/24/07,A,541464,285732,827196
11/25/07,U,396237,221021,617258
11/26/07,W,1009519,612439,1621958
11/27/07,W,1044685,629784,1674469
11/28/07,W,1030447,627268,1657715
11/29/07,W,1015386,625742,1641128
11/30/07,W,1064598,631624,1696222
12/1/07,A,606838,307004,913842
12/2/07,U,423280,219797,643077
12/3/07,W,1064265,605852,1670117
12/4/07,W,1082140,625524,1707664
12/5/07,W,1024462,623607,1648069
12/6/07,W,1029586,619960,1649546
12/7/07,W,956775,609732,1566507
12/8/07,A,636461,326501,962962
12/9/07,U,423634,215699,639333
12/10/07,W,1036018,597674,1633692
12/11/07,W,1002470,605203,1607673
12/12/07,W,1051962,615293,1667255
12/13/07,W,1039827,615948,1655775
12/14/07,W,1045488,611182,1656670
12/15/07,A,606795,316867,923662
12/16/07,U,412777,215055,627832
12/17/07,W,968005,564404,1532409
12/18/07,W,1009642,582487,1592129
12/19/07,W,1027855,587683,1615538
12/20/07,W,1016117,578637,1594754
12/21/07,W,1014168,563789,1577957
12/22/07,A,613180,290854,904034
12/23/07,U,347895,184560,532455
12/24/07,W,531176,252649,783825
12/25/07,U,249699,111582,361281
12/26/07,W,707668,399662,1107330
12/27/07,W,773602,462843,1236445
12/28/07,W,747807,463830,1211637
12/29/07,A,546998,277819,824817
12/30/07,U,412003,232213,644216
12/31/07,W,669463,405727,1075190
1/1/08,U,295571,174243,469814
1/2/08,W,699149,471241,1170390
1/3/08,W,783950,517492,1301442
1/4/08,W,851632,537002,1388634
1/5/08,A,568839,280264,849103
1/6/08,U,415385,207391,622776
1/7/08,W,988485,588092,1576577
1/8/08,W,990597,592632,1583229
1/9/08,W,1023189,604515,1627704
1/10/08,W,998489,602398,1600887
1/11/08,W,1022368,602428,1624796
1/12/08,A,604388,299546,903934
1/13/08,U,391645,202380,594025
1/14/08,W,996258,607357,1603615
1/15/08,W,1013209,616432,1629641
1/16/08,W,1041939,626138,1668077
1/17/08,W,998608,619823,1618431
1/18/08,W,959859,585432,1545291
1/19/08,A,414819,231306,646125
1/20/08,U,291354,168692,460046
1/21/08,W,611887,382753,994640
1/22/08,W,992432,615285,1607717
1/23/08,W,974052,605979,1580031
1/24/08,W,910998,588279,1499277
1/25/08,W,859813,565226,1425039
1/26/08,A,572085,293979,866064
1/27/08,U,413581,213177,626758
1/28/08,W,1025845,623259,1649104
1/29/08,W,1011729,627428,1639157
1/30/08,W,882014,580657,1462671
1/31/08,W,961357,626504,1587861
2/1/08,W,911151,593534,1504685
2/2/08,A,627807,320544,948351
2/3/08,U,416661,216443,633104
2/4/08,W,1004041,608975,1613016
2/5/08,W,1058756,632513,1691269
2/6/08,W,925504,609115,1534619
2/7/08,W,1028104,633781,1661885
2/8/08,W,1031968,622837,1654805
2/9/08,A,627412,319751,947163
2/10/08,U,300232,176228,476460
2/11/08,W,818840,559672,1378512
2/12/08,W,819820,553554,1373374
2/13/08,W,1039517,630232,1669749
2/14/08,W,1074632,640598,1715230
2/15/08,W,1036232,618258,1654490
2/16/08,A,649814,336935,986749
2/17/08,U,411858,218846,630704
2/18/08,W,715974,456610,1172584
2/19/08,W,967658,595964,1563622
2/20/08,W,961552,601847,1563399
2/21/08,W,1001382,615384,1616766
2/22/08,W,1021900,610589,1632489
2/23/08,A,648822,325327,974149
2/24/08,U,439134,222548,661682
2/25/08,W,1003187,602866,1606053
2/26/08,W,970886,605240,1576126
2/27/08,W,1019462,617002,1636464
2/28/08,W,1028392,620602,1648994
2/29/08,W,1049773,618230,1668003
3/1/08,A,668866,322061,990927
3/2/08,U,465660,229531,695191
3/3/08,W,890785,556767,1447552
3/4/08,W,1053813,619343,1673156
3/5/08,W,1059027,620660,1679687
3/6/08,W,1055418,624362,1679780
3/7/08,W,1031200,604635,1635835
3/8/08,A,590236,294749,884985
3/9/08,U,415621,215690,631311
3/10/08,W,1024901,606737,1631638
3/11/08,W,1062865,633917,1696782
3/12/08,W,1068268,640051,1708319
3/13/08,W,1070019,642018,1712037
3/14/08,W,1077635,647279,1724914
3/15/08,A,645518,407380,1052898
3/16/08,U,447363,243823,691186
3/17/08,W,897500,584885,1482385
3/18/08,W,909978,593247,1503225
3/19/08,W,945983,608639,1554622
3/20/08,W,955273,600735,1556008
3/21/08,W,767583,493573,1261156
3/22/08,A,589688,288852,878540
3/23/08,U,401640,192284,593924
3/24/08,W,1001268,570762,1572030
3/25/08,W,1036465,596853,1633318
3/26/08,W,1050176,603440,1653616
3/27/08,W,986130,588572,1574702
3/28/08,W,1053516,604448,1657964
3/29/08,A,688035,319080,1007115
3/30/08,U,442777,233663,676440
3/31/08,W,1008940,622143,1631083
4/1/08,W,1114418,637976,1752394
4/2/08,W,1118495,661969,1780464
4/3/08,W,1112511,663802,1776313
4/4/08,W,1115690,653351,1769041
4/5/08,A,765299,356215,1121514
4/6/08,U,523895,249096,772991
4/7/08,W,1084375,638419,1722794
4/8/08,W,1063269,628618,1691887
4/9/08,W,1092341,646940,1739281
4/10/08,W,994944,620427,1615371
4/11/08,W,999556,629067,1628623
4/12/08,A,664161,302616,966777
4/13/08,U,479293,216008,695301
4/14/08,W,1088485,635754,1724239
4/15/08,W,1127401,649135,1776536
4/16/08,W,1064026,661463,1725489
4/17/08,W,1091387,665873,1757260
4/18/08,W,1097367,652105,1749472
4/19/08,A,686540,340662,1027202
4/20/08,U,519280,266945,786225
4/21/08,W,1088521,651232,1739753
4/22/08,W,1085729,671423,1757152
4/23/08,W,1055157,650232,1705389
4/24/08,W,1021163,649514,1670677
4/25/08,W,1054844,629468,1684312
4/26/08,A,698927,319314,1018241
4/27/08,U,481571,225896,707467
4/28/08,W,1009567,606882,1616449
4/29/08,W,1091930,652034,1743964
4/30/08,W,1104713,662503,1767216
5/1/08,W,1129443,680679,1810122
5/2/08,W,1082350,641332,1723682
5/3/08,A,716121,344446,1060567
5/4/08,U,536640,245821,782461
5/5/08,W,1111775,633266,1745041
5/6/08,W,1122716,651484,1774200
5/7/08,W,1045666,631068,1676734
5/8/08,W,1112033,655364,1767397
5/9/08,W,1117011,659889,1776900
5/10/08,A,742741,326525,1069266
5/11/08,U,409987,193452,603439
5/12/08,W,1070403,630574,1700977
5/13/08,W,1092576,652724,1745300
5/14/08,W,1083589,650904,1734493
5/15/08,W,1092014,662730,1754744
5/16/08,W,1110816,668057,1778873
5/17/08,A,749048,350884,1099932
5/18/08,U,518114,248679,766793
5/19/08,W,1076847,614865,1691712
5/20/08,W,1085719,634661,1720380
5/21/08,W,1108988,647342,1756330
5/22/08,W,1097500,649513,1747013
5/23/08,W,1074370,622769,1697139
5/24/08,A,692374,371905,1064279
5/25/08,U,502997,284612,787609
5/26/08,U,460848,274870,735718
5/27/08,W,1026141,626634,1652775
5/28/08,W,1105899,647402,1753301
5/29/08,W,1090598,653634,1744232
5/30/08,W,1079526,637842,1717368
5/31/08,A,788945,374327,1163272
6/1/08,U,566162,279274,845436
6/2/08,W,1098574,638006,1736580
6/3/08,W,1073873,643040,1716913
6/4/08,W,1114498,656098,1770596
6/5/08,W,1104182,673642,1777824
6/6/08,W,1087144,661938,1749082
6/7/08,A,708308,358623,1066931
6/8/08,U,494209,281814,776023
6/9/08,W,1032999,630410,1663409
6/10/08,W,1117614,685952,1803566
6/11/08,W,1100852,696784,1797636
6/12/08,W,1026283,681143,1707426
6/13/08,W,1084190,655268,1739458
6/14/08,A,785252,368109,1153361
6/15/08,U,495972,235961,731933
6/16/08,W,999214,614395,1613609
6/17/08,W,1033341,643362,1676703
6/18/08,W,1043814,654284,1698098
6/19/08,W,1037717,659852,1697569
6/20/08,W,996558,662324,1658882
6/21/08,A,741561,399150,1140711
6/22/08,U,531761,282226,813987
6/23/08,W,1019631,625987,1645618
6/24/08,W,1046337,666522,1712859
6/25/08,W,1005969,662936,1668905
6/26/08,W,1052301,685526,1737827
6/27/08,W,1019687,693555,1713242
6/28/08,A,730245,483016,1213261
6/29/08,U,505046,412562,917608
6/30/08,W,1037295,679631,1716926
7/1/08,W,1098281,694175,1792456
7/2/08,W,1043654,675750,1719404
7/3/08,W,1143777,905742,2049519
7/4/08,U,606974,421170,1028144
7/5/08,A,675949,409554,1085503
7/6/08,U,520542,324341,844883
7/7/08,W,990782,608485,1599267
7/8/08,W,1052665,666338,1719003
7/9/08,W,1093064,686636,1779700
7/10/08,W,1029219,674645,1703864
7/11/08,W,1059114,682404,1741518
7/12/08,A,718369,361910,1080279
7/13/08,U,553236,291565,844801
7/14/08,W,1058694,637119,1695813
7/15/08,W,1088616,655456,1744072
7/16/08,W,1063054,651228,1714282
7/17/08,W,1070349,656485,1726834
7/18/08,W,1050847,664271,1715118
7/19/08,A,675968,342834,1018802
7/20/08,U,546570,284611,831181
7/21/08,W,1024212,635587,1659799
7/22/08,W,1077279,666303,1743582
7/23/08,W,1082583,672801,1755384
7/24/08,W,1062708,695993,1758701
7/25/08,W,1032058,683549,1715607
7/26/08,A,733901,446775,1180676
7/27/08,U,520244,291389,811633
7/28/08,W,996509,622637,1619146
7/29/08,W,1014276,654547,1668823
7/30/08,W,1009837,641527,1651364
7/31/08,W,976117,652936,1629053
8/1/08,W,1081564,766911,1848475
8/2/08,A,764749,502705,1267454
8/3/08,U,549191,403165,952356
8/4/08,W,929003,636533,1565536
8/5/08,W,997379,673384,1670763
8/6/08,W,1020516,684080,1704596
8/7/08,W,1024746,683487,1708233
8/8/08,W,1041165,713105,1754270
8/9/08,A,770627,431699,1202326
8/10/08,U,542860,314698,857558
8/11/08,W,969826,623874,1593700
8/12/08,W,989226,632942,1622168
8/13/08,W,973719,627548,1601267
8/14/08,W,993155,638565,1631720
8/15/08,W,1038006,651338,1689344
8/16/08,A,748347,414784,1163131
8/17/08,U,539476,317781,857257
8/18/08,W,974311,621522,1595833
8/19/08,W,1012560,662493,1675053
8/20/08,W,1019019,671769,1690788
8/21/08,W,1006682,679508,1686190
8/22/08,W,1009399,677130,1686529
8/23/08,A,750128,387758,1137886
8/24/08,U,547427,295072,842499
8/25/08,W,1012339,631974,1644313
8/26/08,W,1051063,653148,1704211
8/27/08,W,1040926,650396,1691322
8/28/08,W,1022254,678635,1700889
8/29/08,W,1080840,681463,1762303
8/30/08,A,766930,395205,1162135
8/31/08,U,557427,325462,882889
9/1/08,U,500748,293458,794206
9/2/08,W,1131494,681719,1813213
9/3/08,W,1166955,710304,1877259
9/4/08,W,1025296,653827,1679123
9/5/08,W,1171756,698545,1870301
9/6/08,A,778425,416356,1194781
9/7/08,U,529779,273883,803662
9/8/08,W,1058699,651127,1709826
9/9/08,W,1176865,712792,1889657
9/10/08,W,1167063,719905,1886968
9/11/08,W,1156490,719806,1876296
9/12/08,W,1120112,700943,1821055
9/13/08,A,597639,317145,914784
9/14/08,U,399483,231026,630509
9/15/08,W,1140716,692029,1832745
9/16/08,W,1168626,731344,1899970
9/17/08,W,1172871,740575,1913446
9/18/08,W,1169932,739141,1909073
9/19/08,W,1174967,743560,1918527
9/20/08,A,791707,447679,1239386
9/21/08,U,551489,317922,869411
9/22/08,W,1140486,690356,1830842
9/23/08,W,1163232,707370,1870602
9/24/08,W,1148720,713572,1862292
9/25/08,W,1162318,720003,1882321
9/26/08,W,1090515,708141,1798656
9/27/08,A,753562,409500,1163062
9/28/08,U,508469,280560,789029
9/29/08,W,1074139,671489,1745628
9/30/08,W,1137377,706085,1843462
10/1/08,W,1197836,724444,1922280
10/2/08,W,1180204,731452,1911656
10/3/08,W,1211992,706967,1918959
10/4/08,A,778642,387182,1165824
10/5/08,U,512429,271121,783550
10/6/08,W,1166019,698883,1864902
10/7/08,W,1133103,689214,1822317
10/8/08,W,1141745,693515,1835260
10/9/08,W,1161478,703190,1864668
10/10/08,W,1169810,716085,1885895
10/11/08,A,750797,444185,1194982
10/12/08,U,495211,436316,931527
10/13/08,W,909500,599831,1509331
10/14/08,W,1165787,704419,1870206
10/15/08,W,1115651,694445,1810096
10/16/08,W,1166556,715760,1882316
10/17/08,W,1162723,709679,1872402
10/18/08,A,766941,425998,1192939
10/19/08,U,537382,296713,834095
10/20/08,W,1092061,674708,1766769
10/21/08,W,1158146,701303,1859449
10/22/08,W,1149832,699333,1849165
10/23/08,W,1144729,703527,1848256
10/24/08,W,1036465,675065,1711530
10/25/08,A,718718,391521,1110239
10/26/08,U,492388,269253,761641
10/27/08,W,1085873,677343,1763216
10/28/08,W,1129560,690269,1819829
10/29/08,W,1123289,696994,1820283
10/30/08,W,1142793,709395,1852188
10/31/08,W,1135299,709363,1844662
11/1/08,A,734026,385865,1119891
11/2/08,U,525585,278142,803727
11/3/08,W,1178414,690751,1869165
11/4/08,W,1152333,786405,1938738
11/5/08,W,1156522,715659,1872181
11/6/08,W,1101916,691666,1793582
11/7/08,W,1040709,678770,1719479
11/8/08,A,675404,398288,1073692
11/9/08,U,475132,267029,742161
11/10/08,W,1000224,656658,1656882
11/11/08,W,891353,599602,1490955
11/12/08,W,1081236,679826,1761062
11/13/08,W,1074912,684049,1758961
11/14/08,W,1133869,683123,1816992
11/15/08,A,688151,374896,1063047
11/16/08,U,459244,245130,704374
11/17/08,W,1080548,652199,1732747
11/18/08,W,1093821,666335,1760156
11/19/08,W,1114917,670515,1785432
11/20/08,W,1085367,670667,1756034
11/21/08,W,1087614,657879,1745493
11/22/08,A,697641,417656,1115297
11/23/08,U,477070,243556,720626
11/24/08,W,1060943,638066,1699009
11/25/08,W,1088066,653433,1741499
11/26/08,W,1032378,599978,1632356
11/27/08,U,350071,189458,539529
11/28/08,W,668376,363454,1031830
11/29/08,A,595913,320575,916488
11/30/08,U,384770,217697,602467
12/1/08,W,1060059,635852,1695911
12/2/08,W,1095425,652324,1747749
12/3/08,W,1115007,658630,1773637
12/4/08,W,1063682,651130,1714812
12/5/08,W,1028359,628044,1656403
12/6/08,A,596202,347667,943869
12/7/08,U,406475,241719,648194
12/8/08,W,1039370,618281,1657651
12/9/08,W,1000971,619711,1620682
12/10/08,W,1041145,640709,1681854
12/11/08,W,1059298,653239,1712537
12/12/08,W,1016010,626638,1642648
12/13/08,A,625939,350799,976738
12/14/08,U,440496,247568,688064
12/15/08,W,899917,564467,1464384
12/16/08,W,906945,632719,1539664
12/17/08,W,982687,615707,1598394
12/18/08,W,995662,618571,1614233
12/19/08,W,894131,596207,1490338
12/20/08,A,589697,335672,925369
12/21/08,U,280044,172052,452096
12/22/08,W,703302,474711,1178013
12/23/08,W,742980,501283,1244263
12/24/08,W,626374,339616,965990
12/25/08,U,238727,113322,352049
12/26/08,W,564107,321342,885449
12/27/08,A,510369,254291,764660
12/28/08,U,397897,219334,617231
12/29/08,W,813142,503359,1316501
12/30/08,W,820666,523516,1344182
12/31/08,W,743027,480797,1223824
1/1/09,U,338779,238590,577369
1/2/09,W,765802,443439,1209241
1/3/09,A,580506,293634,874140
1/4/09,U,402180,213098,615278
1/5/09,W,1012207,591455,1603662
1/6/09,W,1006184,600314,1606498
1/7/09,W,991858,606481,1598339
1/8/09,W,1000931,606524,1607455
1/9/09,W,985250,625043,1610293
1/10/09,A,521906,304657,826563
1/11/09,U,390151,219600,609751
1/12/09,W,1009651,629944,1639595
1/13/09,W,952091,615363,1567454
1/14/09,W,905548,620646,1526194
1/15/09,W,755677,532219,1287896
1/16/09,W,822136,542180,1364316
1/17/09,A,553273,302764,856037
1/18/09,U,397317,224910,622227
1/19/09,W,665251,409551,1074802
1/20/09,W,1018227,624553,1642780
1/21/09,W,1068170,647903,1716073
1/22/09,W,1082611,657786,1740397
1/23/09,W,979795,622633,1602428
1/24/09,A,561515,316086,877601
1/25/09,U,376302,215452,591754
1/26/09,W,1024953,633365,1658318
1/27/09,W,1050873,646578,1697451
1/28/09,W,1044085,653089,1697174
1/29/09,W,1040926,648114,1689040
1/30/09,W,1059741,627734,1687475
1/31/09,A,667780,340757,1008537
2/1/09,U,459271,242773,702044
2/2/09,W,1062276,628819,1691095
2/3/09,W,1058730,636578,1695308
2/4/09,W,1026435,631042,1657477
2/5/09,W,1064605,643718,1708323
2/6/09,W,1090042,639394,1729436
2/7/09,A,722336,387825,1110161
2/8/09,U,469249,245082,714331
2/9/09,W,1061620,634229,1695849
2/10/09,W,1121451,666014,1787465
2/11/09,W,1001838,637558,1639396
2/12/09,W,943891,620278,1564169
2/13/09,W,1008863,643066,1651929
2/14/09,A,711324,388028,1099352
2/15/09,U,466104,262442,728546
2/16/09,W,765356,486133,1251489
2/17/09,W,1087248,654156,1741404
2/18/09,W,1030930,637389,1668319
2/19/09,W,1004978,639414,1644392
2/20/09,W,1032282,632936,1665218
2/21/09,A,578539,329252,907791
2/22/09,U,422899,231506,654405
2/23/09,W,1030913,619409,1650322
2/24/09,W,1072167,642992,1715159
2/25/09,W,1082105,650665,1732770
2/26/09,W,981515,624424,1605939
2/27/09,W,1045953,631269,1677222
2/28/09,A,639146,349295,988441
3/1/09,U,385236,219552,604788
3/2/09,W,866001,570796,1436797
3/3/09,W,1095720,642501,1738221
3/4/09,W,1098350,648398,1746748
3/5/09,W,1105607,658867,1764474
3/6/09,W,1106466,653708,1760174
3/7/09,A,564839,319673,884512
3/8/09,U,367983,212484,580467
3/9/09,W,1073249,638209,1711458
3/10/09,W,1026177,636119,1662296
3/11/09,W,1058738,649963,1708701
3/12/09,W,1039462,646252,1685714
3/13/09,W,1075419,656181,1731600
3/14/09,A,699923,471323,1171246
3/15/09,U,484927,286972,771899
3/16/09,W,1040208,648040,1688248
3/17/09,W,1110747,683241,1793988
3/18/09,W,1051328,653127,1704455
3/19/09,W,1073688,656286,1729974
3/20/09,W,1064573,643149,1707722
3/21/09,A,684551,377094,1061645
3/22/09,U,471865,260374,732239
3/23/09,W,1007657,598236,1605893
3/24/09,W,1023641,616038,1639679
3/25/09,W,1052157,625381,1677538
3/26/09,W,1053676,633781,1687457
3/27/09,W,969091,614690,1583781
3/28/09,A,582316,331568,913884
3/29/09,U,360851,229406,590257
3/30/09,W,1044468,628992,1673460
3/31/09,W,1007561,628945,1636506
4/1/09,W,1103516,658559,1762075
4/2/09,W,1017567,649643,1667210
4/3/09,W,1094889,653334,1748223
4/4/09,A,696212,390735,1086947
4/5/09,U,394704,236381,631085
4/6/09,W,878367,593691,1472058
4/7/09,W,948719,636189,1584908
4/8/09,W,963532,642963,1606495
4/9/09,W,952099,638401,1590500
4/10/09,W,866040,562197,1428237
4/11/09,A,641437,349911,991348
4/12/09,U,423274,228889,652163
4/13/09,W,937261,619681,1556942
4/14/09,W,1028849,642703,1671552
4/15/09,W,1073275,682839,1756114
4/16/09,W,1082379,692868,1775247
4/17/09,W,1087613,695313,1782926
4/18/09,A,690066,421519,1111585
4/19/09,U,398430,243756,642186
4/20/09,W,1007645,629066,1636711
4/21/09,W,1030738,659154,1689892
4/22/09,W,1040599,679753,1720352
4/23/09,W,1039524,688741,1728265
4/24/09,W,1084984,679180,1764164
4/25/09,A,612802,358235,971037
4/26/09,U,422437,251595,674032
4/27/09,W,972593,633164,1605757
4/28/09,W,1043138,650112,1693250
4/29/09,W,1045681,648841,1694522
4/30/09,W,999397,660465,1659862
5/1/09,W,1116163,677684,1793847
5/2/09,A,764832,399421,1164253
5/3/09,U,528055,291070,819125
5/4/09,W,1081915,667219,1749134
5/5/09,W,1091934,680732,1772666
5/6/09,W,1040297,650834,1691131
5/7/09,W,1071031,675865,1746896
5/8/09,W,1084713,657966,1742679
5/9/09,A,674760,343099,1017859
5/10/09,U,474595,249540,724135
5/11/09,W,1019002,620480,1639482
5/12/09,W,1070549,675570,1746119
5/13/09,W,979697,640084,1619781
5/14/09,W,1074183,690670,1764853
5/15/09,W,985291,650805,1636096
5/16/09,A,746301,406577,1152878
5/17/09,U,511550,293680,805230
5/18/09,W,1045190,623839,1669029
5/19/09,W,1072111,650975,1723086
5/20/09,W,1085546,664197,1749743
5/21/09,W,1070609,663646,1734255
5/22/09,W,1052067,637603,1689670
5/23/09,A,700549,367228,1067777
5/24/09,U,511582,288558,800140
5/25/09,U,409208,258452,667660
5/26/09,W,998498,634549,1633047
5/27/09,W,1026962,648266,1675228
5/28/09,W,1038163,663980,1702143
5/29/09,W,1064215,677893,1742108
5/30/09,A,695552,385727,1081279
5/31/09,U,511749,289239,800988
6/1/09,W,1011224,619841,1631065
6/2/09,W,1036601,635007,1671608
6/3/09,W,1092082,659178,1751260
6/4/09,W,1078827,665490,1744317
6/5/09,W,1074738,656345,1731083
6/6/09,A,676207,368951,1045158
6/7/09,U,489403,264624,754027
6/8/09,W,1003036,633669,1636705
6/9/09,W,1017857,645412,1663269
6/10/09,W,1010707,655620,1666327
6/11/09,W,881200,627380,1508580
6/12/09,W,1067730,722970,1790700
6/13/09,A,619909,429667,1049576
6/14/09,U,519510,372743,892253
6/15/09,W,969271,636444,1605715
6/16/09,W,913925,644994,1558919
6/17/09,W,978050,671546,1649596
6/18/09,W,970757,684946,1655703
6/19/09,W,868477,622117,1490594
6/20/09,A,757562,423217,1180779
6/21/09,U,514773,292519,807292
6/22/09,W,957022,623252,1580274
6/23/09,W,978739,644145,1622884
6/24/09,W,937838,642145,1579983
6/25/09,W,969861,659105,1628966
6/26/09,W,985078,708491,1693569
6/27/09,A,692627,469970,1162597
6/28/09,U,516762,469985,986747
6/29/09,W,961592,649188,1610780
6/30/09,W,962402,648809,1611211
7/1/09,W,1003064,680635,1683699
7/2/09,W,1020960,713778,1734738
7/3/09,U,791721,711335,1503056
7/4/09,A,540914,394405,935319
7/5/09,U,507244,364973,872217
7/6/09,W,966889,643223,1610112
7/7/09,W,977293,670829,1648122
7/8/09,W,954018,667258,1621276
7/9/09,W,1002646,673821,1676467
7/10/09,W,938460,672582,1611042
7/11/09,A,733100,422670,1155770
7/12/09,U,525978,335349,861327
7/13/09,W,975656,638789,1614445
7/14/09,W,975173,644793,1619966
7/15/09,W,984189,650434,1634623
7/16/09,W,990574,683021,1673595
7/17/09,W,954520,667858,1622378
7/18/09,A,711371,421356,1132727
7/19/09,U,493670,311785,805455
7/20/09,W,963999,643810,1607809
7/21/09,W,986777,683790,1670567
7/22/09,W,973865,654420,1628285
7/23/09,W,959920,673917,1633837
7/24/09,W,968278,686977,1655255
7/25/09,A,693104,467927,1161031
7/26/09,U,490518,334490,825008
7/27/09,W,939982,648312,1588294
7/28/09,W,956278,667503,1623781
7/29/09,W,958820,672872,1631692
7/30/09,W,926905,680056,1606961
7/31/09,W,997830,674810,1672640
8/1/09,A,712791,396785,1109576
8/2/09,U,541877,324804,866681
8/3/09,W,945629,612506,1558135
8/4/09,W,966555,645725,1612280
8/5/09,W,965266,653026,1618292
8/6/09,W,958790,673897,1632687
8/7/09,W,900717,695143,1595860
8/8/09,A,714606,503501,1218107
8/9/09,U,492623,383769,876392
8/10/09,W,920020,624034,1544054
8/11/09,W,950753,672387,1623140
8/12/09,W,951988,666879,1618867
8/13/09,W,946370,674767,1621137
8/14/09,W,969081,683249,1652330
8/15/09,A,722837,472275,1195112
8/16/09,U,473628,338169,811797
8/17/09,W,854426,594551,1448977
8/18/09,W,948964,636143,1585107
8/19/09,W,917526,624721,1542247
8/20/09,W,922627,630083,1552710
8/21/09,W,946374,633411,1579785
8/22/09,A,713225,393634,1106859
8/23/09,U,516846,283806,800652
8/24/09,W,966314,634030,1600344
8/25/09,W,993279,680981,1674260
8/26/09,W,921926,651492,1573418
8/27/09,W,934232,664531,1598763
8/28/09,W,974302,674306,1648608
8/29/09,A,708836,405427,1114263
8/30/09,U,505635,302535,808170
8/31/09,W,975508,658827,1634335
9/1/09,W,1055167,680368,1735535
9/2/09,W,1032505,682877,1715382
9/3/09,W,1063234,714324,1777558
9/4/09,W,1020694,678461,1699155
9/5/09,A,701349,428069,1129418
9/6/09,U,503694,338561,842255
9/7/09,U,463198,299374,762572
9/8/09,W,1004429,709373,1713802
9/9/09,W,1097851,711047,1808898
9/10/09,W,1099979,713849,1813828
9/11/09,W,1114404,743271,1857675
9/12/09,A,728447,482038,1210485
9/13/09,U,517813,355437,873250
9/14/09,W,1101985,714141,1816126
9/15/09,W,1115027,729171,1844198
9/16/09,W,1108929,732849,1841778
9/17/09,W,1112462,745180,1857642
9/18/09,W,1102861,708997,1811858
9/19/09,A,721408,415652,1137060
9/20/09,U,480835,292572,773407
9/21/09,W,1076200,692304,1768504
9/22/09,W,1098839,708391,1807230
9/23/09,W,1102842,718424,1821266
9/24/09,W,1099145,712276,1811421
9/25/09,W,1010229,697003,1707232
9/26/09,A,702445,426960,1129405
9/27/09,U,494098,295158,789256
9/28/09,W,1025351,659478,1684829
9/29/09,W,1070466,701863,1772329
9/30/09,W,1092412,723123,1815535
10/1/09,W,1092443,714559,1807002
10/2/09,W,1094376,710954,1805330
10/3/09,A,715566,415308,1130874
10/4/09,U,514280,309529,823809
10/5/09,W,1110701,690993,1801694
10/6/09,W,1071550,693172,1764722
10/7/09,W,1111089,714396,1825485
10/8/09,W,1063003,714502,1777505
10/9/09,W,1023705,689843,1713548
10/10/09,A,676836,433332,1110168
10/11/09,U,436381,428201,864582
10/12/09,W,827772,594084,1421856
10/13/09,W,1102805,706201,1809006
10/14/09,W,1077269,703009,1780278
10/15/09,W,1052994,712178,1765172
10/16/09,W,1067868,708838,1776706
10/17/09,A,692682,420801,1113483
10/18/09,U,494901,296936,791837
10/19/09,W,1094468,697391,1791859
10/20/09,W,1095869,709084,1804953
10/21/09,W,1110910,714863,1825773
10/22/09,W,1051505,708978,1760483
10/23/09,W,932000,664168,1596168
10/24/09,A,672636,394925,1067561
10/25/09,U,471453,278478,749931
10/26/09,W,1045756,673242,1718998
10/27/09,W,1106013,699054,1805067
10/28/09,W,1091208,699543,1790751
10/29/09,W,1096369,715628,1811997
10/30/09,W,1035778,680089,1715867
10/31/09,A,698324,406844,1105168
11/1/09,U,494777,290701,785478
11/2/09,W,1099218,681759,1780977
11/3/09,W,1136686,697012,1833698
11/4/09,W,1105418,695322,1800740
11/5/09,W,1114979,710657,1825636
11/6/09,W,1015815,683216,1699031
11/7/09,A,723832,419045,1142877
11/8/09,U,512125,297504,809629
11/9/09,W,1076270,673433,1749703
11/10/09,W,1090758,686972,1777730
11/11/09,W,908424,620355,1528779
11/12/09,W,1097428,709937,1807365
11/13/09,W,1092994,693142,1786136
11/14/09,A,694924,410234,1105158
11/15/09,U,460225,274484,734709
11/16/09,W,1061332,668884,1730216
11/17/09,W,1060364,677993,1738357
11/18/09,W,1043248,676849,1720097
11/19/09,W,1021173,682045,1703218
11/20/09,W,1105710,692325,1798035
11/21/09,A,702789,482859,1185648
11/22/09,U,485345,297371,782716
11/23/09,W,1073100,665885,1738985
11/24/09,W,1054145,665966,1720111
11/25/09,W,997101,612769,1609870
11/26/09,U,329214,188829,518043
11/27/09,W,647293,378145,1025438
11/28/09,A,587950,342511,930461
11/29/09,U,399383,238190,637573
11/30/09,W,1048329,650622,1698951
12/1/09,W,1130467,682786,1813253
12/2/09,W,1094833,673684,1768517
12/3/09,W,1098849,686030,1784879
12/4/09,W,973336,652626,1625962
12/5/09,A,671524,385396,1056920
12/6/09,U,461240,276654,737894
12/7/09,W,1034149,643604,1677753
12/8/09,W,1031237,661097,1692334
12/9/09,W,985064,649445,1634509
12/10/09,W,875574,598439,1474013
12/11/09,W,980494,627993,1608487
12/12/09,A,653142,371427,1024569
12/13/09,U,457587,265706,723293
12/14/09,W,1003184,616209,1619393
12/15/09,W,988681,619534,1608215
12/16/09,W,968963,614739,1583702
12/17/09,W,995849,624996,1620845
12/18/09,W,1005529,623684,1629213
12/19/09,A,612039,350048,962087
12/20/09,U,441105,257984,699089
12/21/09,W,848265,548679,1396944
12/22/09,W,818602,546637,1365239
12/23/09,W,778855,498841,1277696
12/24/09,W,584096,303611,887707
12/25/09,U,249347,121545,370892
12/26/09,A,464351,237093,701444
12/27/09,U,368183,207527,575710
12/28/09,W,740043,469843,1209886
12/29/09,W,753943,488944,1242887
12/30/09,W,760344,500436,1260780
12/31/09,W,750868,461311,1212179
1/1/10,U,348324,217060,565384
1/2/10,A,484655,264011,748666
1/3/10,U,354762,200944,555706
1/4/10,W,938766,569397,1508163
1/5/10,W,970860,589044,1559904
1/6/10,W,980962,598511,1579473
1/7/10,W,901941,616491,1518432
1/8/10,W,937662,597434,1535096
1/9/10,A,550886,310265,861151
1/10/10,U,372942,216331,589273
1/11/10,W,983964,609826,1593790
1/12/10,W,1012053,626651,1638704
1/13/10,W,1031317,632953,1664270
1/14/10,W,1036398,641827,1678225
1/15/10,W,1043125,634202,1677327
1/16/10,A,616904,348293,965197
1/17/10,U,437665,251971,689636
1/18/10,W,672311,416744,1089055
1/19/10,W,1083689,661331,1745020
1/20/10,W,1069450,657695,1727145
1/21/10,W,1037561,659269,1696830
1/22/10,W,1061872,642443,1704315
1/23/10,A,636107,355143,991250
1/24/10,U,416766,239968,656734
1/25/10,W,1039778,645886,1685664
1/26/10,W,1037134,653753,1690887
1/27/10,W,1022417,648561,1670978
1/28/10,W,1002952,647250,1650202
1/29/10,W,918474,610943,1529417
1/30/10,A,636005,358140,994145
1/31/10,U,437345,249932,687277
2/1/10,W,1091041,648428,1739469
2/2/10,W,1062988,651659,1714647
2/3/10,W,1114266,661280,1775546
2/4/10,W,1090369,666455,1756824
2/5/10,W,1047904,641303,1689207
2/6/10,A,616747,354178,970925
2/7/10,U,417214,248644,665858
2/8/10,W,1006311,637392,1643703
2/9/10,W,913022,646792,1559814
2/10/10,W,939412,645430,1584842
2/11/10,W,921768,657486,1579254
2/12/10,W,886702,608456,1495158
2/13/10,A,641619,385945,1027564
2/14/10,U,486887,309746,796633
2/15/10,W,722405,483572,1205977
2/16/10,W,1028597,665769,1694366
2/17/10,W,1028817,663479,1692296
2/18/10,W,1026992,673127,1700119
2/19/10,W,1030451,658459,1688910
2/20/10,A,625306,379346,1004652
2/21/10,U,418101,256673,674774
2/22/10,W,953759,633739,1587498
2/23/10,W,1015116,659707,1674823
2/24/10,W,996077,660548,1656625
2/25/10,W,1000799,668380,1669179
2/26/10,W,999789,649111,1648900
2/27/10,A,603577,372769,976346
2/28/10,U,418652,259369,678021
3/1/10,W,893861,606818,1500679
3/2/10,W,1032445,666762,1699207
3/3/10,W,1062280,674355,1736635
3/4/10,W,1051738,680673,1732411
3/5/10,W,1036156,664445,1700601
3/6/10,A,662470,399749,1062219
3/7/10,U,418097,257932,676029
3/8/10,W,1013812,651269,1665081
3/9/10,W,1025242,665192,1690434
3/10/10,W,1030470,670440,1700910
3/11/10,W,994390,664881,1659271
3/12/10,W,1013971,662812,1676783
3/13/10,A,593823,443491,1037314
3/14/10,U,428683,273849,702532
3/15/10,W,996747,648605,1645352
3/16/10,W,1036185,679563,1715748
3/17/10,W,1043518,689789,1733307
3/18/10,W,1036643,690207,1726850
3/19/10,W,1022766,663983,1686749
3/20/10,A,505581,325253,830834
3/21/10,U,405115,271794,676909
3/22/10,W,981316,617250,1598566
3/23/10,W,1012454,638684,1651138
3/24/10,W,987466,633221,1620687
3/25/10,W,949845,629016,1578861
3/26/10,W,971169,632589,1603758
3/27/10,A,608093,373225,981318
3/28/10,U,413535,260956,674491
3/29/10,W,852199,601592,1453791
3/30/10,W,884276,625592,1509868
3/31/10,W,901476,645780,1547256
4/1/10,W,949879,673448,1623327
4/2/10,W,881173,601009,1482182
4/3/10,A,583966,340842,924808
4/4/10,U,400341,234963,635304
4/5/10,W,975213,657842,1633055
4/6/10,W,984899,664805,1649704
4/7/10,W,940753,666668,1607421
4/8/10,W,988825,683625,1672450
4/9/10,W,948808,679699,1628507
4/10/10,A,663179,440432,1103611
4/11/10,U,440552,289141,729693
4/12/10,W,1008809,689027,1697836
4/13/10,W,1031798,679327,1711125
4/14/10,W,1043690,714316,1758006
4/15/10,W,1040113,728178,1768291
4/16/10,W,1005953,706984,1712937
4/17/10,A,643599,438658,1082257
4/18/10,U,443588,309798,753386
4/19/10,W,1006105,663348,1669453
4/20/10,W,1023621,685488,1709109
4/21/10,W,1010968,682322,1693290
4/22/10,W,976688,683400,1660088
4/23/10,W,996166,671480,1667646
4/24/10,A,588835,385430,974265
4/25/10,U,387151,264966,652117
4/26/10,W,1014665,682134,1696799
4/27/10,W,1022698,697232,1719930
4/28/10,W,981925,695381,1677306
4/29/10,W,971157,697327,1668484
4/30/10,W,1032120,707210,1739330
5/1/10,A,668743,455658,1124401
5/2/10,U,458651,314736,773387
5/3/10,W,1051064,673932,1724996
5/4/10,W,1047595,687646,1735241
5/5/10,W,1033684,692081,1725765
5/6/10,W,1030345,690306,1720651
5/7/10,W,959307,650935,1610242
5/8/10,A,608071,379017,987088
5/9/10,U,439376,282516,721892
5/10/10,W,982426,680635,1663061
5/11/10,W,948970,668287,1617257
5/12/10,W,987926,682843,1670769
5/13/10,W,955701,664390,1620091
5/14/10,W,1022640,708596,1731236
5/15/10,A,632980,428608,1061588
5/16/10,U,446820,316780,763600
5/17/10,W,951092,643233,1594325
5/18/10,W,976377,669846,1646223
5/19/10,W,1009046,668811,1677857
5/20/10,W,982640,667152,1649792
5/21/10,W,949316,656659,1605975
5/22/10,A,646961,413263,1060224
5/23/10,U,490423,322958,813381
5/24/10,W,974382,650835,1625217
5/25/10,W,1005290,690144,1695434
5/26/10,W,1004824,688396,1693220
5/27/10,W,995700,697901,1693601
5/28/10,W,994671,694492,1689163
5/29/10,A,645684,455979,1101663
5/30/10,U,480340,367778,848118
5/31/10,U,347857,243566,591423
6/1/10,W,1024767,669261,1694028
6/2/10,W,990049,663107,1653156
6/3/10,W,1042401,688706,1731107
6/4/10,W,1013014,679386,1692400
6/5/10,A,596776,390596,987372
6/6/10,U,455093,308756,763849
6/7/10,W,1001595,679492,1681087
6/8/10,W,931456,652565,1584021
6/9/10,W,1032439,707821,1740260
6/10/10,W,1019373,707755,1727128
6/11/10,W,979074,845329,1824403
6/12/10,A,600914,444278,1045192
6/13/10,U,451434,348910,800344
6/14/10,W,955902,662467,1618369
6/15/10,W,948177,686852,1635029
6/16/10,W,1003968,723671,1727639
6/17/10,W,954409,719629,1674038
6/18/10,W,940534,693973,1634507
6/19/10,A,673052,472662,1145714
6/20/10,U,465420,301730,767150
6/21/10,W,868542,626192,1494734
6/22/10,W,916810,666558,1583368
6/23/10,W,820493,627767,1448260
6/24/10,W,931520,691266,1622786
6/25/10,W,941751,750414,1692165
6/26/10,A,646770,467943,1114713
6/27/10,U,439815,441824,881639
6/28/10,W,911187,698735,1609922
6/29/10,W,919886,716597,1636483
6/30/10,W,939032,726101,1665133
7/1/10,W,997162,802022,1799184
7/2/10,W,948286,728895,1677181
7/3/10,A,688185,498374,1186559
7/4/10,U,517771,431068,948839
7/5/10,U,490386,338754,829140
7/6/10,W,906377,637312,1543689
7/7/10,W,911994,656096,1568090
7/8/10,W,913888,665000,1578888
7/9/10,W,930427,676348,1606775
7/10/10,A,625843,418254,1044097
7/11/10,U,441707,304804,746511
7/12/10,W,916793,645066,1561859
7/13/10,W,944367,664923,1609290
7/14/10,W,938980,670046,1609026
7/15/10,W,934492,715607,1650099
7/16/10,W,928476,753901,1682377
7/17/10,A,653987,518643,1172630
7/18/10,U,453952,378151,832103
7/19/10,W,927114,681084,1608198
7/20/10,W,938739,692212,1630951
7/21/10,W,951550,705647,1657197
7/22/10,W,927185,670399,1597584
7/23/10,W,879035,677196,1556231
7/24/10,A,571189,416540,987729
7/25/10,U,472911,351173,824084
7/26/10,W,915404,658817,1574221
7/27/10,W,935330,670382,1605712
7/28/10,W,908070,667607,1575677
7/29/10,W,933636,684987,1618623
7/30/10,W,943778,683141,1626919
7/31/10,A,657365,450680,1108045
8/1/10,U,491220,348968,840188
8/2/10,W,913649,660658,1574307
8/3/10,W,927125,668186,1595311
8/4/10,W,880047,663305,1543352
8/5/10,W,949218,698256,1647474
8/6/10,W,947220,791899,1739119
8/7/10,A,668567,551140,1219707
8/8/10,U,464239,415228,879467
8/9/10,W,902342,647949,1550291
8/10/10,W,909752,662126,1571878
8/11/10,W,902498,661211,1563709
8/12/10,W,908352,666665,1575017
8/13/10,W,918501,665794,1584295
8/14/10,A,688021,460503,1148524
8/15/10,U,507105,359893,866998
8/16/10,W,907011,648950,1555961
8/17/10,W,909673,659235,1568908
8/18/10,W,935381,676787,1612168
8/19/10,W,940943,688195,1629138
8/20/10,W,928525,688864,1617389
8/21/10,A,662928,462355,1125283
8/22/10,U,470110,336654,806764
8/23/10,W,941694,650532,1592226
8/24/10,W,962622,674401,1637023
8/25/10,W,973800,689560,1663360
8/26/10,W,978212,694660,1672872
8/27/10,W,991691,700296,1691987
8/28/10,A,678949,458504,1137453
8/29/10,U,471725,334378,806103
8/30/10,W,960273,673150,1633423
8/31/10,W,980388,693348,1673736
9/1/10,W,1014776,696657,1711433
9/2/10,W,964759,679832,1644591
9/3/10,W,996297,721206,1717503
9/4/10,A,671418,475332,1146750
9/5/10,U,497194,399389,896583
9/6/10,U,453040,319536,772576
9/7/10,W,1067665,723135,1790800
9/8/10,W,1078904,744212,1823116
9/9/10,W,1053439,729328,1782767
9/10/10,W,1067844,740993,1808837
9/11/10,A,620475,438303,1058778
9/12/10,U,478785,343875,822660
9/13/10,W,1064113,722939,1787052
9/14/10,W,1073013,743702,1816715
9/15/10,W,1077313,757144,1834457
9/16/10,W,1030218,751525,1781743
9/17/10,W,1070710,777601,1848311
9/18/10,A,602888,457774,1060662
9/19/10,U,463244,335858,799102
9/20/10,W,1040338,712870,1753208
9/21/10,W,1068204,750363,1818567
9/22/10,W,1038052,751724,1789776
9/23/10,W,1067715,767134,1834849
9/24/10,W,966185,750033,1716218
9/25/10,A,647044,486430,1133474
9/26/10,U,439578,331103,770681
9/27/10,W,1030264,725559,1755823
9/28/10,W,1049114,732828,1781942
9/29/10,W,1044807,734953,1779760
9/30/10,W,1040445,748851,1789296
10/1/10,W,1095244,742857,1838101
10/2/10,A,620784,423372,1044156
10/3/10,U,451850,307659,759509
10/4/10,W,1049060,710406,1759466
10/5/10,W,1062843,726247,1789090
10/6/10,W,1057375,730113,1787488
10/7/10,W,1048120,753345,1801465
10/8/10,W,1060557,753053,1813610
10/9/10,A,683056,503343,1186399
10/10/10,U,453193,489078,942271
10/11/10,W,824834,627449,1452283
10/12/10,W,1068010,736048,1804058
10/13/10,W,1024910,726372,1751282
10/14/10,W,1060257,750943,1811200
10/15/10,W,1067602,753653,1821255
10/16/10,A,674323,477876,1152199
10/17/10,U,470817,337407,808224
10/18/10,W,1038903,717627,1756530
10/19/10,W,1057820,729779,1787599
10/20/10,W,1061125,733950,1795075
10/21/10,W,1053153,747116,1800269
10/22/10,W,987323,727707,1715030
10/23/10,A,624770,451848,1076618
10/24/10,U,443462,319622,763084
10/25/10,W,1030602,710784,1741386
10/26/10,W,948119,691241,1639360
10/27/10,W,1051715,739161,1790876
10/28/10,W,1023047,735281,1758328
10/29/10,W,1027443,725760,1753203
10/30/10,A,653147,447410,1100557
10/31/10,U,451532,321535,773067
11/1/10,W,1050239,702890,1753129
11/2/10,W,1053066,711219,1764285
11/3/10,W,1067432,725866,1793298
11/4/10,W,1036639,731024,1767663
11/5/10,W,1034503,723652,1758155
11/6/10,A,641520,455652,1097172
11/7/10,U,453831,305880,759711
11/8/10,W,1046515,709569,1756084
11/9/10,W,1058688,721276,1779964
11/10/10,W,1065459,729087,1794546
11/11/10,W,882944,660145,1543089
11/12/10,W,951645,714781,1666426
11/13/10,A,600900,436971,1037871
11/14/10,U,483592,306831,790423
11/15/10,W,1013081,704470,1717551
11/16/10,W,1041704,720439,1762143
11/17/10,W,1033004,717114,1750118
11/18/10,W,984043,712787,1696830
11/19/10,W,1038686,715507,1754193
11/20/10,A,640618,545276,1185894
11/21/10,U,437682,295297,732979
11/22/10,W,957125,667375,1624500
11/23/10,W,1006493,698730,1705223
11/24/10,W,898974,621938,1520912
11/25/10,U,312756,195258,508014
11/26/10,W,557867,369071,926938
11/27/10,A,517892,340136,858028
11/28/10,U,401514,271093,672607
11/29/10,W,974393,658026,1632419
11/30/10,W,970873,672281,1643154
12/1/10,W,999878,678039,1677917
12/2/10,W,1008349,688764,1697113
12/3/10,W,985527,691211,1676738
12/4/10,A,586500,407739,994239
12/5/10,U,406680,277309,683989
12/6/10,W,944575,641755,1586330
12/7/10,W,954467,652015,1606482
12/8/10,W,968593,662398,1630991
12/9/10,W,957337,667827,1625164
12/10/10,W,986800,682824,1669624
12/11/10,A,573203,388409,961612
12/12/10,U,330377,249350,579727
12/13/10,W,829736,598167,1427903
12/14/10,W,888812,623467,1512279
12/15/10,W,922552,640490,1563042
12/16/10,W,919713,644539,1564252
12/17/10,W,932601,642967,1575568
12/18/10,A,570331,370965,941296
12/19/10,U,404153,269162,673315
12/20/10,W,791684,573110,1364794
12/21/10,W,786351,574097,1360448
12/22/10,W,786757,558711,1345468
12/23/10,W,740052,489295,1229347
12/24/10,W,513353,261461,774814
12/25/10,U,233266,128261,361527
12/26/10,U,346331,215163,561494
12/27/10,W,673638,435925,1109563
12/28/10,W,717933,490978,1208911
12/29/10,W,731000,513271,1244271
12/30/10,W,754297,524961,1279258
12/31/10,W,609114,391713,1000827
1/1/11,U,342872,239754,582626
1/2/11,U,364165,225886,590051
1/3/11,W,925770,581035,1506805
1/4/11,W,946232,621057,1567289
1/5/11,W,950712,624027,1574739
1/6/11,W,939518,625246,1564764
1/7/11,W,927173,622084,1549257
1/8/11,A,540394,333951,874345
1/9/11,U,380762,237361,618123
1/10/11,W,966448,639852,1606300
1/11/11,W,923590,654856,1578446
1/12/11,W,960115,657426,1617541
1/13/11,W,969691,661269,1630960
1/14/11,W,983953,656551,1640504
1/15/11,A,567710,355580,923290
1/16/11,U,386280,260631,646911
1/17/11,W,613773,422788,1036561
1/18/11,W,991055,678327,1669382
1/19/11,W,1006033,679355,1685388
1/20/11,W,975376,674347,1649723
1/21/11,W,853208,598356,1451564
1/22/11,A,522699,330666,853365
1/23/11,U,375396,253697,629093
1/24/11,W,972155,654573,1626728
1/25/11,W,1006376,680037,1686413
1/26/11,W,1014944,681652,1696596
1/27/11,W,994412,685346,1679758
1/28/11,W,930518,655861,1586379
1/29/11,A,617408,381200,998608
1/30/11,U,406547,254689,661236
1/31/11,W,1001892,670399,1672291
2/1/11,W,814985,640223,1455208
2/2/11,W,219234,209287,428521
2/3/11,W,732420,580480,1312900
2/4/11,W,933210,715546,1648756
2/5/11,A,615765,400440,1016205
2/6/11,U,402275,273038,675313
2/7/11,W,996782,693321,1690103
2/8/11,W,986388,697441,1683829
2/9/11,W,941631,676705,1618336
2/10/11,W,940692,676869,1617561
2/11/11,W,965062,659696,1624758
2/12/11,A,663253,415060,1078313
2/13/11,U,474048,303381,777429
2/14/11,W,1064293,708790,1773083
2/15/11,W,1041367,702586,1743953
2/16/11,W,1050045,709634,1759679
2/17/11,W,1046143,719471,1765614
2/18/11,W,1053474,710682,1764156
2/19/11,A,675487,431010,1106497
2/20/11,U,385554,261695,647249
2/21/11,W,706507,504444,1210951
2/22/11,W,1004067,692661,1696728
2/23/11,W,1026312,701009,1727321
2/24/11,W,1030542,708692,1739234
2/25/11,W,1015416,691267,1706683
2/26/11,A,601634,393242,994876
2/27/11,U,419643,278593,698236
2/28/11,W,1007930,681614,1689544
3/1/11,W,1064543,709683,1774226
3/2/11,W,1038790,702291,1741081
3/3/11,W,1057767,709973,1767740
3/4/11,W,1019568,681216,1700784
3/5/11,A,581121,375814,956935
3/6/11,U,428668,275314,703982
3/7/11,W,889994,640899,1530893
3/8/11,W,1054432,710380,1764812
3/9/11,W,1014632,697366,1711998
3/10/11,W,1019921,707389,1727310
3/11/11,W,1047012,708603,1755615
3/12/11,A,630826,500559,1131385
3/13/11,U,429046,284406,713452
3/14/11,W,1019671,686277,1705948
3/15/11,W,1025714,699145,1724859
3/16/11,W,1057440,725095,1782535
3/17/11,W,1039329,730561,1769890
3/18/11,W,1028193,706274,1734467
3/19/11,A,661882,426128,1088010
3/20/11,U,397653,263022,660675
3/21/11,W,1009091,661503,1670594
3/22/11,W,964687,653024,1617711
3/23/11,W,1000324,667467,1667791
3/24/11,W,984660,671765,1656425
3/25/11,W,995334,661865,1657199
3/26/11,A,603928,387317,991245
3/27/11,U,421290,276610,697900
3/28/11,W,1005055,674351,1679406
3/29/11,W,1018975,688681,1707656
3/30/11,W,1022399,692860,1715259
3/31/11,W,958648,709483,1668131
4/1/11,W,960123,712981,1673104
4/2/11,A,688873,457067,1145940
4/3/11,U,450017,305328,755345
4/4/11,W,1021955,695709,1717664
4/5/11,W,1063835,723943,1787778
4/6/11,W,1032831,725191,1758022
4/7/11,W,982880,719890,1702770
4/8/11,W,1006956,701186,1708142
4/9/11,A,675312,462038,1137350
4/10/11,U,483207,359065,842272
4/11/11,W,999639,696423,1696062
4/12/11,W,1036334,717458,1753792
4/13/11,W,1040300,721206,1761506
4/14/11,W,1016435,720731,1737166
4/15/11,W,966032,691935,1657967
4/16/11,A,587114,398192,985306
4/17/11,U,452131,306186,758317
4/18/11,W,861574,655013,1516587
4/19/11,W,862770,627085,1489855
4/20/11,W,895201,684367,1579568
4/21/11,W,919676,685284,1604960
4/22/11,W,767236,583531,1350767
4/23/11,A,644228,421767,1065995
4/24/11,U,415484,274724,690208
4/25/11,W,970581,685301,1655882
4/26/11,W,1009393,717303,1726696
4/27/11,W,960037,712176,1672213
4/28/11,W,972352,710559,1682911
4/29/11,W,1083692,738332,1822024
4/30/11,A,677693,452569,1130262
5/1/11,U,474621,320956,795577
5/2/11,W,1040468,694159,1734627
5/3/11,W,1063059,708526,1771585
5/4/11,W,1068494,718706,1787200
5/5/11,W,1045556,720006,1765562
5/6/11,W,1054724,732966,1787690
5/7/11,A,642855,443268,1086123
5/8/11,U,474170,325850,800020
5/9/11,W,996746,680206,1676952
5/10/11,W,1050936,734088,1785024
5/11/11,W,1022323,724069,1746392
5/12/11,W,1026861,739195,1766056
5/13/11,W,1005681,728981,1734662
5/14/11,A,574990,412250,987240
5/15/11,U,386219,279473,665692
5/16/11,W,1002206,683002,1685208
5/17/11,W,1012424,694950,1707374
5/18/11,W,996766,688457,1685223
5/19/11,W,1014161,705964,1720125
5/20/11,W,1027404,710957,1738361
5/21/11,A,625518,421143,1046661
5/22/11,U,460481,321421,781902
5/23/11,W,997460,682656,1680116
5/24/11,W,1019381,719974,1739355
5/25/11,W,932486,676081,1608567
5/26/11,W,954623,693660,1648283
5/27/11,W,1005068,695755,1700823
5/28/11,A,586663,420778,1007441
5/29/11,U,392008,306407,698415
5/30/11,U,512702,387955,900657
5/31/11,W,976956,683927,1660883
6/1/11,W,1077060,728801,1805861
6/2/11,W,1037191,707569,1744760
6/3/11,W,1084952,753705,1838657
6/4/11,A,660496,465907,1126403
6/5/11,U,498740,355072,853812
6/6/11,W,1026379,723353,1749732
6/7/11,W,1023477,727689,1751166
6/8/11,W,1027909,731488,1759397
6/9/11,W,925826,677601,1603427
6/10/11,W,991111,699233,1690344
6/11/11,A,639456,452885,1092341
6/12/11,U,492490,388957,881447
6/13/11,W,1005818,726932,1732750
6/14/11,W,1009778,739810,1749588
6/15/11,W,927263,708511,1635774
6/16/11,W,960885,741999,1702884
6/17/11,W,1038570,787772,1826342
6/18/11,A,668147,502500,1170647
6/19/11,U,479157,352290,831447
6/20/11,W,863375,666828,1530203
6/21/11,W,928457,698702,1627159
6/22/11,W,906400,695241,1601641
6/23/11,W,918605,692002,1610607
6/24/11,W,923487,714821,1638308
6/25/11,A,672716,511370,1184086
6/26/11,U,513140,561689,1074829
6/27/11,W,915375,702396,1617771
6/28/11,W,974240,768178,1742418
6/29/11,W,966399,754551,1720950
6/30/11,W,947943,753565,1701508
7/1/11,W,940403,723107,1663510
7/2/11,A,701711,514859,1216570
7/3/11,U,546895,441925,988820
7/4/11,U,502623,375468,878091
7/5/11,W,944119,684091,1628210
7/6/11,W,961177,711577,1672754
7/7/11,W,960396,717952,1678348
7/8/11,W,973648,738968,1712616
7/9/11,A,688403,487196,1175599
7/10/11,U,487215,355799,843014
7/11/11,W,899672,654659,1554331
7/12/11,W,953976,695840,1649816
7/13/11,W,968000,712673,1680673
7/14/11,W,963077,746693,1709770
7/15/11,W,960761,767058,1727819
7/16/11,A,671209,512671,1183880
7/17/11,U,487492,390269,877761
7/18/11,W,912074,708169,1620243
7/19/11,W,938830,721231,1660061
7/20/11,W,908375,711617,1619992
7/21/11,W,901635,693073,1594708
7/22/11,W,890894,700452,1591346
7/23/11,A,641738,478455,1120193
7/24/11,U,440442,346005,786447
7/25/11,W,932136,698802,1630938
7/26/11,W,958271,708596,1666867
7/27/11,W,926794,697817,1624611
7/28/11,W,916275,689617,1605892
7/29/11,W,942044,711542,1653586
7/30/11,A,677527,472828,1150355
7/31/11,U,491214,372586,863800
8/1/11,W,951492,707492,1658984
8/2/11,W,921043,682755,1603798
8/3/11,W,984399,715612,1700011
8/4/11,W,953514,745527,1699041
8/5/11,W,968013,822093,1790106
8/6/11,A,682517,569511,1252028
8/7/11,U,479588,426721,906309
8/8/11,W,912362,692657,1605019
8/9/11,W,958406,713624,1672030
8/10/11,W,963575,720504,1684079
8/11/11,W,957398,709254,1666652
8/12/11,W,955597,709694,1665291
8/13/11,A,627401,457851,1085252
8/14/11,U,470358,358606,828964
8/15/11,W,936932,668224,1605156
8/16/11,W,945179,688071,1633250
8/17/11,W,943997,692781,1636778
8/18/11,W,951134,707426,1658560
8/19/11,W,981727,751679,1733406
8/20/11,A,622722,472815,1095537
8/21/11,U,536280,420416,956696
8/22/11,W,968715,704225,1672940
8/23/11,W,914499,688649,1603148
8/24/11,W,999361,728732,1728093
8/25/11,W,1003797,744805,1748602
8/26/11,W,997931,710247,1708178
8/27/11,A,691082,463528,1154610
8/28/11,U,488275,339049,827324
8/29/11,W,988033,712733,1700766
8/30/11,W,991793,719656,1711449
8/31/11,W,1011858,728047,1739905
9/1/11,W,1047270,739620,1786890
9/2/11,W,1001837,741985,1743822
9/3/11,A,655947,472827,1128774
9/4/11,U,529593,432441,962034
9/5/11,U,471000,356948,827948
9/6/11,W,1116811,746632,1863443
9/7/11,W,1079256,773670,1852926
9/8/11,W,1058730,770455,1829185
9/9/11,W,1049654,754824,1804478
9/10/11,A,665138,486616,1151754
9/11/11,U,483138,356915,840053
9/12/11,W,1077578,756209,1833787
9/13/11,W,1101495,775124,1876619
9/14/11,W,1068594,768114,1836708
9/15/11,W,1078395,780369,1858764
9/16/11,W,1061833,774553,1836386
9/17/11,A,684347,511704,1196051
9/18/11,U,433064,328422,761486
9/19/11,W,1056731,758422,1815153
9/20/11,W,1094671,787667,1882338
9/21/11,W,1090762,780222,1870984
9/22/11,W,1076129,770485,1846614
9/23/11,W,1013491,751348,1764839
9/24/11,A,655360,466534,1121894
9/25/11,U,448547,333394,781941
9/26/11,W,1028362,733053,1761415
9/27/11,W,1059305,751659,1810964
9/28/11,W,1053206,759071,1812277
9/29/11,W,1051634,753753,1805387
9/30/11,W,1066348,757321,1823669
10/1/11,A,701783,480889,1182672
10/1/11,A,701783,480889,1182672
10/2/11,U,486409,344520,830929
10/2/11,U,486409,344520,830929
10/3/11,W,1091676,751034,1842710
10/3/11,W,1091676,751034,1842710
10/4/11,W,1090878,767029,1857907
10/4/11,W,1090878,767029,1857907
10/5/11,W,1083300,774142,1857442
10/5/11,W,1083300,774142,1857442
10/6/11,W,1076741,783363,1860104
10/6/11,W,1076741,783363,1860104
10/7/11,W,1074577,783590,1858167
10/7/11,W,1074577,783590,1858167
10/8/11,A,692368,523113,1215481
10/8/11,A,692368,523113,1215481
10/9/11,U,463310,519453,982763
10/9/11,U,463310,519453,982763
10/10/11,W,857528,669173,1526701
10/10/11,W,857528,669173,1526701
10/11/11,W,1073195,770542,1843737
10/11/11,W,1073195,770542,1843737
10/12/11,W,1068602,776561,1845163
10/12/11,W,1068602,776561,1845163
10/13/11,W,1011085,773498,1784583
10/13/11,W,1011085,773498,1784583
10/14/11,W,1058024,783903,1841927
10/14/11,W,1058024,783903,1841927
10/15/11,A,686909,508391,1195300
10/15/11,A,686909,508391,1195300
10/16/11,U,457725,351070,808795
10/16/11,U,457725,351070,808795
10/17/11,W,1060560,752887,1813447
10/17/11,W,1060560,752887,1813447
10/18/11,W,1054603,759917,1814520
10/18/11,W,1054603,759917,1814520
10/19/11,W,987878,738984,1726862
10/19/11,W,987878,738984,1726862
10/20/11,W,1019401,763556,1782957
10/20/11,W,1019401,763556,1782957
10/21/11,W,1072848,782981,1855829
10/21/11,W,1072848,782981,1855829
10/22/11,A,678136,497703,1175839
10/22/11,A,678136,497703,1175839
10/23/11,U,476507,341626,818133
10/23/11,U,476507,341626,818133
10/24/11,W,1054251,747402,1801653
10/24/11,W,1054251,747402,1801653
10/25/11,W,1066867,757975,1824842
10/25/11,W,1066867,757975,1824842
10/26/11,W,1055199,756804,1812003
10/26/11,W,1055199,756804,1812003
10/27/11,W,1061301,771358,1832659
10/27/11,W,1061301,771358,1832659
10/28/11,W,993735,758294,1752029
10/28/11,W,993735,758294,1752029
10/29/11,A,665331,469295,1134626
10/29/11,A,665331,469295,1134626
10/30/11,U,433281,318565,751846
10/30/11,U,433281,318565,751846
10/31/11,W,1027078,734500,1761578
10/31/11,W,1027078,734500,1761578
11/1/11,W,1098741,762893,1861634
11/2/11,W,1077675,764539,1842214
11/3/11,W,1011408,755888,1767296
11/4/11,W,1093806,785515,1879321
11/5/11,A,686104,513654,1199758
11/6/11,U,477456,331327,808783
11/7/11,W,1061041,749043,1810084
11/8/11,W,1008764,742973,1751737
11/9/11,W,1036190,759696,1795886
11/10/11,W,970822,755282,1726104
11/11/11,W,879535,681237,1560772
11/12/11,A,660488,474088,1134576
11/13/11,U,463513,338816,802329
11/14/11,W,1047638,741813,1789451
11/15/11,W,1079072,770828,1849900
11/16/11,W,1043071,758159,1801230
11/17/11,W,998699,752834,1751533
11/18/11,W,965671,743405,1709076
11/19/11,A,657115,530802,1187917
11/20/11,U,456466,328721,785187
11/21/11,W,1039312,726360,1765672
11/22/11,W,986650,714844,1701494
11/23/11,W,992006,680837,1672843
11/24/11,U,340929,235194,576123
11/25/11,W,652271,435428,1087699
11/26/11,A,588157,348525,936682
11/27/11,U,397179,274323,671502
11/28/11,W,1016597,703558,1720155
11/29/11,W,991030,708638,1699668
11/30/11,W,1043354,730140,1773494
12/1/11,W,1089263,747269,1836532
12/2/11,W,1095431,757734,1853165
12/3/11,A,662075,461349,1123424
12/4/11,U,454576,327051,781627
12/5/11,W,1051712,698735,1750447
12/6/11,W,1035064,712288,1747352
12/7/11,W,1032787,718567,1751354
12/8/11,W,1023297,721739,1745036
12/9/11,W,1006182,726618,1732800
12/10/11,A,604502,435343,1039845
12/11/11,U,442689,306703,749392
12/12/11,W,988026,673314,1661340
12/13/11,W,1002723,691649,1694372
12/14/11,W,939524,675577,1615101
12/15/11,W,994244,701181,1695425
12/16/11,W,1006755,703365,1710120
12/17/11,A,615724,436091,1051815
12/18/11,U,455044,325822,780866
12/19/11,W,965235,657231,1622466
12/20/11,W,951363,656796,1608159
12/21/11,W,948139,649395,1597534
12/22/11,W,901280,615248,1516528
12/23/11,W,855427,539186,1394613
12/24/11,A,509237,262788,772025
12/25/11,U,273257,144879,418136
12/26/11,U,463630,297972,761602
12/27/11,W,721508,498735,1220243
12/28/11,W,747970,535232,1283202
12/29/11,W,767769,553630,1321399
12/30/11,W,762618,528085,1290703
12/31/11,A,583259,408205,991464
1/1/12,U,338458,277156,615614
1/2/12,U,427028,300131,727159
1/3/12,W,810076,600940,1411016
1/4/12,W,839010,626372,1465382
1/5/12,W,841665,652474,1494139
1/6/12,W,870446,666379,1536825
1/7/12,A,583725,390564,974289
1/8/12,U,411272,275439,686711
1/9/12,W,968136,683105,1651241
1/10/12,W,1019667,698468,1718135
1/11/12,W,1036505,709539,1746044
1/12/12,W,950402,715474,1665876
1/13/12,W,940512,692943,1633455
1/14/12,A,557653,377455,935108
1/15/12,U,402980,276691,679671
1/16/12,W,639506,459803,1099309
1/17/12,W,1016429,725950,1742379
1/18/12,W,1017072,722473,1739545
1/19/12,W,983178,711259,1694437
1/20/12,W,826497,746064,1572561
1/21/12,A,552163,394407,946570
1/22/12,U,392633,273772,666405
1/23/12,W,1010116,710762,1720878
1/24/12,W,1050018,732063,1782081
1/25/12,W,1051823,734192,1786015
1/26/12,W,1052929,739012,1791941
1/27/12,W,968530,720988,1689518
1/28/12,A,621329,419586,1040915
1/29/12,U,416383,293146,709529
1/30/12,W,1023037,704317,1727354
1/31/12,W,1059681,731360,1791041
2/1/12,W,1111421,736252,1847673
2/2/12,W,1081236,739698,1820934
2/3/12,W,1014951,714336,1729287
2/4/12,A,661534,418503,1080037
2/5/12,U,462359,289438,751797
2/6/12,W,1038157,699926,1738083
2/7/12,W,1040979,721937,1762916
2/8/12,W,1069324,738273,1807597
2/9/12,W,1065885,741959,1807844
2/10/12,W,982329,715473,1697802
2/11/12,A,591333,399462,990795
2/12/12,U,429977,285739,715716
2/13/12,W,882797,653118,1535915
2/14/12,W,1077348,738384,1815732
2/15/12,W,1051929,726359,1778288
2/16/12,W,1058911,736170,1795081
2/17/12,W,1058544,731415,1789959
2/18/12,A,666760,454131,1120891
2/19/12,U,475445,322414,797859
2/20/12,W,761004,543889,1304893
2/21/12,W,1036038,726162,1762200
2/22/12,W,1052160,732150,1784310
2/23/12,W,1033787,734839,1768626
2/24/12,W,989267,712507,1701774
2/25/12,A,630649,417134,1047783
2/26/12,U,448512,298409,746921
2/27/12,W,1023956,703435,1727391
2/28/12,W,1039341,720589,1759930
2/29/12,W,1055847,736007,1791854
3/1/12,W,1075076,739664,1814740
3/2/12,W,1031215,705878,1737093
3/3/12,A,624519,416704,1041223
3/4/12,U,441120,292334,733454
3/5/12,W,913762,651903,1565665
3/6/12,W,1084176,744478,1828654
3/7/12,W,1060619,736849,1797468
3/8/12,W,1049305,735123,1784428
3/9/12,W,1037776,718371,1756147
3/10/12,A,681263,444574,1125837
3/11/12,U,482075,316828,798903
3/12/12,W,1015965,715585,1731550
3/13/12,W,1071861,744918,1816779
3/14/12,W,1087551,762671,1850222
3/15/12,W,1061219,763525,1824744
3/16/12,W,1044828,774035,1818863
3/17/12,A,755574,708351,1463925
3/18/12,U,504213,359041,863254
3/19/12,W,1015401,707467,1722868
3/20/12,W,1043797,718050,1761847
3/21/12,W,1050000,723631,1773631
3/22/12,W,1016361,717170,1733531
3/23/12,W,945472,685518,1630990
3/24/12,A,641412,430070,1071482
3/25/12,U,470355,355696,826051
3/26/12,W,996549,700972,1697521
3/27/12,W,1024173,723040,1747213
3/28/12,W,1029545,735639,1765184
3/29/12,W,1013994,734424,1748418
3/30/12,W,1001257,709407,1710664
3/31/12,A,646169,440893,1087062
4/1/12,U,477703,321629,799332
4/2/12,W,935073,696533,1631606
4/3/12,W,972756,720709,1693465
4/4/12,W,954947,724726,1679673
4/5/12,W,933666,750000,1683666
4/6/12,W,861696,642047,1503743
4/7/12,A,637466,434835,1072301
4/8/12,U,429398,289618,719016
4/9/12,W,1010279,727154,1737433
4/10/12,W,1038779,751834,1790613
4/11/12,W,1053786,760911,1814697
4/12/12,W,1050150,775089,1825239
4/13/12,W,958166,741802,1699968
4/14/12,A,644498,470545,1115043
4/15/12,U,443006,320025,763031
4/16/12,W,996333,713598,1709931
4/17/12,W,1056910,744763,1801673
4/18/12,W,1031225,736936,1768161
4/19/12,W,989282,743350,1732632
4/20/12,W,994547,737187,1731734
4/21/12,A,656064,471715,1127779
4/22/12,U,448386,333024,781410
4/23/12,W,1031544,739667,1771211
4/24/12,W,1003275,750511,1753786
4/25/12,W,978891,740777,1719668
4/26/12,W,1044469,760338,1804807
4/27/12,W,1026691,745495,1772186
4/28/12,A,592513,425418,1017931
4/29/12,U,445246,322436,767682
4/30/12,W,977200,703630,1680830
5/1/12,W,1073425,743154,1816579
5/2/12,W,1060720,754536,1815256
5/3/12,W,1086032,766616,1852648
5/4/12,W,1054307,778105,1832412
5/5/12,A,666613,497814,1164427
5/6/12,U,434634,343213,777847
5/7/12,W,1000335,731509,1731844
5/8/12,W,1062602,762274,1824876
5/9/12,W,1041744,752170,1793914
5/10/12,W,1036368,743841,1780209
5/11/12,W,1042715,745296,1788011
5/12/12,A,610945,427440,1038385
5/13/12,U,455430,321345,776775
5/14/12,W,983231,700274,1683505
5/15/12,W,1023348,720962,1744310
5/16/12,W,1013654,734234,1747888
5/17/12,W,1014361,746681,1761042
5/18/12,W,980261,694037,1674298
5/19/12,A,646682,465776,1112458
5/20/12,U,445099,374706,819805
5/21/12,W,884516,568256,1452772
5/22/12,W,1014156,721698,1735854
5/23/12,W,1019498,738794,1758292
5/24/12,W,1016089,756023,1772112
5/25/12,W,1005567,736144,1741711
5/26/12,A,636093,469284,1105377
5/27/12,U,502724,392936,895660
5/28/12,U,463763,362808,826571
5/29/12,W,1012629,719096,1731725
5/30/12,W,1001845,742834,1744679
5/31/12,W,910804,714511,1625315
6/1/12,W,1034827,750848,1785675
6/2/12,A,698536,489792,1188328
6/3/12,U,512841,354121,866962
6/4/12,W,1035294,726053,1761347
6/5/12,W,1048003,749888,1797891
6/6/12,W,1033815,753512,1787327
6/7/12,W,1031503,768929,1800432
6/8/12,W,1023786,802823,1826609
6/9/12,A,704117,569867,1273984
6/10/12,U,509071,404744,913815
6/11/12,W,985578,726731,1712309
6/12/12,W,1003612,772974,1776586
6/13/12,W,986995,778465,1765460
6/14/12,W,959511,783352,1742863
6/15/12,W,996431,803508,1799939
6/16/12,A,673257,513638,1186895
6/17/12,U,497166,372514,869680
6/18/12,W,899886,710839,1610725
6/19/12,W,934909,725980,1660889
6/20/12,W,945821,743331,1689152
6/21/12,W,931983,728067,1660050
6/22/12,W,958498,755020,1713518
6/23/12,A,676430,492238,1168668
6/24/12,U,513132,530481,1043613
6/25/12,W,933417,725550,1658967
6/26/12,W,952845,746532,1699377
6/27/12,W,957566,751428,1708994
6/28/12,W,880771,702116,1582887
6/29/12,W,925177,734451,1659628
6/30/12,A,683644,485188,1168832
7/1/12,U,474631,350123,824754
7/2/12,W,929572,676617,1606189
7/3/12,W,976022,710361,1686383
7/4/12,U,511376,383942,895318
7/5/12,W,833954,628259,1462213
7/6/12,W,852806,651815,1504621
7/7/12,A,628380,439918,1068298
7/8/12,U,490561,341530,832091
7/9/12,W,934404,697423,1631827
7/10/12,W,958191,713798,1671989
7/11/12,W,982452,751429,1733881
7/12/12,W,973681,769452,1743133
7/13/12,W,918812,781300,1700112
7/14/12,A,662503,539189,1201692
7/15/12,U,520254,434508,954762
7/16/12,W,927149,703975,1631124
7/17/12,W,916666,721980,1638646
7/18/12,W,947611,737720,1685331
7/19/12,W,929760,737674,1667434
7/20/12,W,950944,732949,1683893
7/21/12,A,682249,467138,1149387
7/22/12,U,481281,353089,834370
7/23/12,W,915219,695786,1611005
7/24/12,W,902916,701367,1604283
7/25/12,W,930185,724487,1654672
7/26/12,W,945792,720070,1665862
7/27/12,W,947151,758858,1706009
7/28/12,A,686178,517111,1203289
7/29/12,U,488506,374441,862947
7/30/12,W,907631,705435,1613066
7/31/12,W,927014,719885,1646899
8/1/12,W,993124,746620,1739744
8/2/12,W,956268,736721,1692989
8/3/12,W,997248,828673,1825921
8/4/12,A,639837,540564,1180401
8/5/12,U,520813,454682,975495
8/6/12,W,930469,718004,1648473
8/7/12,W,939745,710734,1650479
8/8/12,W,937937,714729,1652666
8/9/12,W,910038,733293,1643331
8/10/12,W,939807,762585,1702392
8/11/12,A,634529,525198,1159727
8/12/12,U,485254,389752,875006
8/13/12,W,862334,675894,1538228
8/14/12,W,952867,719794,1672661
8/15/12,W,969450,736768,1706218
8/16/12,W,894461,689521,1583982
8/17/12,W,985722,734329,1720051
8/18/12,A,711680,513680,1225360
8/19/12,U,526215,381863,908078
8/20/12,W,932342,694224,1626566
8/21/12,W,989240,725406,1714646
8/22/12,W,993443,741288,1734731
8/23/12,W,996707,730663,1727370
8/24/12,W,995467,757933,1753400
8/25/12,A,682483,499512,1181995
8/26/12,U,425118,326682,751800
8/27/12,W,999090,732088,1731178
8/28/12,W,1022555,752842,1775397
8/29/12,W,1019369,757338,1776707
8/30/12,W,1009624,765912,1775536
8/31/12,W,1051323,787713,1839036
9/1/12,A,670752,498563,1169315
9/2/12,U,522696,425857,948553
9/3/12,U,509576,366891,876467
9/4/12,W,1101066,757151,1858217
9/5/12,W,1081742,778985,1860727
9/6/12,W,1106785,787102,1893887
9/7/12,W,1057006,798630,1855636
9/8/12,A,697211,548107,1245318
9/9/12,U,491612,370846,862458
9/10/12,W,980800,786943,1767743
9/11/12,W,1026114,789589,1815703
9/12/12,W,1024605,785316,1809921
9/13/12,W,991316,793145,1784461
9/14/12,W,1023073,789009,1812082
9/15/12,A,707625,533074,1240699
9/16/12,U,497209,369738,866947
9/17/12,W,972361,749237,1721598
9/18/12,W,1009476,774593,1784069
9/19/12,W,1090006,805444,1895450
9/20/12,W,1087075,814328,1901403
9/21/12,W,1043281,804809,1848090
9/22/12,A,669729,507218,1176947
9/23/12,U,494049,373413,867462
9/24/12,W,1067116,777711,1844827
9/25/12,W,1093445,787595,1881040
9/26/12,W,1088775,786511,1875286
9/27/12,W,1082616,810524,1893140
9/28/12,W,1080818,803271,1884089
9/29/12,A,715790,512833,1228623
9/30/12,U,495883,357104,852987
10/1/12,W,1117666,783378,1901044
10/2/12,W,1108031,806945,1914976
10/3/12,W,1115762,810692,1926454
10/4/12,W,1099004,810084,1909088
10/5/12,W,1069580,808343,1877923
10/6/12,A,670397,522379,1192776
10/7/12,U,449748,512959,962707
10/8/12,W,977879,713083,1690962
10/9/12,W,1088484,795608,1884092
10/10/12,W,1079860,798154,1878014
10/11/12,W,1085498,807251,1892749
10/12/12,W,1067152,796441,1863593
10/13/12,A,604421,447031,1051452
10/14/12,U,443009,327889,770898
10/15/12,W,1071312,776921,1848233
10/16/12,W,1081929,792993,1874922
10/17/12,W,1057430,792225,1849655
10/18/12,W,1059957,806783,1866740
10/19/12,W,1051902,801852,1853754
10/20/12,A,696516,512403,1208919
10/21/12,U,493474,354896,848370
10/22/12,W,1003315,769024,1772339
10/23/12,W,1043067,784378,1827445
10/24/12,W,1081481,804851,1886332
10/25/12,W,1027919,797938,1825857
10/26/12,W,1039677,796666,1836343
10/27/12,A,664877,490779,1155656
10/28/12,U,454048,341936,795984
10/29/12,W,1035050,759113,1794163
10/30/12,W,1012512,765043,1777555
10/31/12,W,1042048,780984,1823032
11/1/12,W,1092827,795031,1887858
11/2/12,W,1087124,793396,1880520
11/3/12,A,675546,462962,1138508
11/4/12,U,486060,347411,833471
11/5/12,W,1069691,766701,1836392
11/6/12,W,1050908,768986,1819894
11/7/12,W,1053498,782333,1835831
11/8/12,W,1064006,793455,1857461
11/9/12,W,1065181,798839,1864020
11/10/12,A,650416,472274,1122690
11/11/12,U,479696,353062,832758
11/12/12,W,823600,666802,1490402
11/13/12,W,1004272,761630,1765902
11/14/12,W,1059509,775491,1835000
11/15/12,W,1058314,786677,1844991
11/16/12,W,1057000,791412,1848412
11/17/12,A,675393,567804,1243197
11/18/12,U,472178,336771,808949
11/19/12,W,1047309,759037,1806346
11/20/12,W,1049100,772991,1822091
11/21/12,W,990069,705800,1695869
11/22/12,U,363466,255982,619448
11/23/12,W,589493,413384,1002877
11/24/12,A,476658,377956,854614
11/25/12,U,417727,304336,722063
11/26/12,W,1006387,717499,1723886
11/27/12,W,1016872,734908,1751780
11/28/12,W,1030518,750417,1780935
11/29/12,W,1028698,752188,1780886
11/30/12,W,1075641,776494,1852135
12/1/12,A,686669,492263,1178932
12/2/12,U,484623,350433,835056
12/3/12,W,1069024,742337,1811361
12/4/12,W,1067467,747543,1815010
12/5/12,W,1054367,754701,1809068
12/6/12,W,1030407,751285,1781692
12/7/12,W,1038662,764843,1803505
12/8/12,A,642192,467324,1109516
12/9/12,U,418807,295147,713954
12/10/12,W,973051,690186,1663237
12/11/12,W,995089,711140,1706229
12/12/12,W,999666,720758,1720424
12/13/12,W,999296,727540,1726836
12/14/12,W,1022704,749478,1772182
12/15/12,A,597413,425168,1022581
12/16/12,U,450355,334285,784640
12/17/12,W,953565,683683,1637248
12/18/12,W,950660,693703,1644363
12/19/12,W,965895,691879,1657774
12/20/12,W,876460,660268,1536728
12/21/12,W,871165,634264,1505429
12/22/12,A,578361,374774,953135
12/23/12,U,486169,281962,768131
12/24/12,W,545733,313210,858943
12/25/12,U,242609,143166,385775
12/26/12,W,616049,428605,1044654
12/27/12,W,710150,514627,1224777
12/28/12,W,753950,546312,1300262
12/29/12,A,547238,360962,908200
12/30/12,U,405207,291423,696630
12/31/12,W,672602,490998,1163600
1/1/13,U,338644,276167,614811
1/2/13,W,747631,570506,1318137
1/3/13,W,857744,620104,1477848
1/4/13,W,875485,635401,1510886
1/5/13,A,549303,356383,905686
1/6/13,U,399770,264957,664727
1/7/13,W,951511,672001,1623512
1/8/13,W,975824,687261,1663085
1/9/13,W,989291,697979,1687270
1/10/13,W,964506,693642,1658148
1/11/13,W,991875,708901,1700776
1/12/13,A,597811,403037,1000848
1/13/13,U,379108,266395,645503
1/14/13,W,964972,701958,1666930
1/15/13,W,1000831,723460,1724291
1/16/13,W,1000782,726032,1726814
1/17/13,W,1003351,730830,1734181
1/18/13,W,995226,721526,1716752
1/19/13,A,592561,417820,1010381
1/20/13,U,372131,275860,647991
1/21/13,W,549385,422125,971510
1/22/13,W,865232,654679,1519911
1/23/13,W,952105,697385,1649490
1/24/13,W,958057,708729,1666786
1/25/13,W,920833,707962,1628795
1/26/13,A,560544,393542,954086
1/27/13,U,360109,261812,621921
1/28/13,W,1000004,718545,1718549
1/29/13,W,1009440,728633,1738073
1/30/13,W,997461,735084,1732545
1/31/13,W,955113,713918,1669031
2/1/13,W,878531,659888,1538419
2/2/13,A,554095,378484,932579
2/3/13,U,396422,271153,667575
2/4/13,W,983474,710890,1694364
2/5/13,W,1021386,733180,1754566
2/6/13,W,1035100,739979,1775079
2/7/13,W,973458,743264,1716722
2/8/13,W,994675,723430,1718105
2/9/13,A,611263,426081,1037344
2/10/13,U,392914,278417,671331
2/11/13,W,994224,708331,1702555
2/12/13,W,901097,687334,1588431
2/13/13,W,1070447,754178,1824625
2/14/13,W,1054969,758213,1813182
2/15/13,W,1013485,731689,1745174
2/16/13,A,598259,412929,1011188
2/17/13,U,445505,317885,763390
2/18/13,W,830133,567064,1397197
2/19/13,W,961489,709244,1670733
2/20/13,W,995286,720364,1715650
2/21/13,W,1012672,738526,1751198
2/22/13,W,944394,716784,1661178
2/23/13,A,597852,403004,1000856
2/24/13,U,426783,280619,707402
2/25/13,W,1032337,718035,1750372
2/26/13,W,917610,707649,1625259
2/27/13,W,1004620,732706,1737326
2/28/13,W,1011461,741077,1752538
3/1/13,W,1030897,726385,1757282
3/2/13,A,641791,407706,1049497
3/3/13,U,451612,290260,741872
3/4/13,W,1046582,684343,1730925
3/5/13,W,915814,662182,1577996
3/6/13,W,1000963,703897,1704860
3/7/13,W,1039889,724517,1764406
3/8/13,W,1047924,716118,1764042
3/9/13,A,619396,404506,1023902
3/10/13,U,417260,285624,702884
3/11/13,W,1009909,713865,1723774
3/12/13,W,1017656,738907,1756563
3/13/13,W,1034585,748618,1783203
3/14/13,W,1033042,755471,1788513
3/15/13,W,1002907,771603,1774510
3/16/13,A,626782,610526,1237308
3/17/13,U,433504,338473,771977
3/18/13,W,971804,715696,1687500
3/19/13,W,990010,723671,1713681
3/20/13,W,980735,721345,1702080
3/21/13,W,999714,729901,1729615
3/22/13,W,1003565,721149,1724714
3/23/13,A,609394,425222,1034616
3/24/13,U,401250,288966,690216
3/25/13,W,828707,630136,1458843
3/26/13,W,876069,655138,1531207
3/27/13,W,880496,670282,1550778
3/28/13,W,893443,679530,1572973
3/29/13,W,829810,621657,1451467
3/30/13,A,594213,395747,989960
3/31/13,U,402842,267293,670135
4/1/13,W,980489,708026,1688515
4/2/13,W,993149,728501,1721650
4/3/13,W,1034924,746014,1780938
4/4/13,W,1015284,759059,1774343
4/5/13,W,996072,746786,1742858
4/6/13,A,611381,459388,1070769
4/7/13,U,440588,357215,797803
4/8/13,W,977325,737437,1714762
4/9/13,W,999444,740720,1740164
4/10/13,W,960903,717466,1678369
4/11/13,W,982894,752525,1735419
4/12/13,W,994973,753498,1748471
4/13/13,A,600393,462508,1062901
4/14/13,U,450337,351742,802079
4/15/13,W,992589,717933,1710522
4/16/13,W,1014884,753356,1768240
4/17/13,W,915006,711500,1626506
4/18/13,W,811655,693760,1505415
4/19/13,W,959757,718526,1678283
4/20/13,A,615433,448035,1063468
4/21/13,U,441267,313744,755011
4/22/13,W,1001200,731504,1732704
4/23/13,W,922329,715764,1638093
4/24/13,W,952859,736305,1689164
4/25/13,W,1008224,755375,1763599
4/26/13,W,999388,750687,1750075
4/27/13,A,654086,460650,1114736
4/28/13,U,455561,320737,776298
4/29/13,W,1009306,717625,1726931
4/30/13,W,1029285,738733,1768018
5/1/13,W,1077184,762553,1839737
5/2/13,W,1028782,752135,1780917
5/3/13,W,1023402,730511,1753913
5/4/13,A,655097,465245,1120342
5/5/13,U,471437,350222,821659
5/6/13,W,1017895,729615,1747510
5/7/13,W,1022360,758068,1780428
5/8/13,W,1025713,769649,1795362
5/9/13,W,1003192,721753,1724945
5/10/13,W,972916,725511,1698427
5/11/13,A,603110,435938,1039048
5/12/13,U,414976,313848,728824
5/13/13,W,961814,713048,1674862
5/14/13,W,1006636,750210,1756846
5/15/13,W,995042,758657,1753699
5/16/13,W,982565,746034,1728599
5/17/13,W,966483,757439,1723922
5/18/13,A,625752,493226,1118978
5/19/13,U,485211,363850,849061
5/20/13,W,1008704,681176,1689880
5/21/13,W,1013059,689412,1702471
5/22/13,W,982149,687729,1669878
5/23/13,W,987008,693752,1680760
5/24/13,W,1010765,676692,1687457
5/25/13,A,600972,369584,970556
5/26/13,U,460009,336563,796572
5/27/13,U,415696,286211,701907
5/28/13,W,982424,672485,1654909
5/29/13,W,1014424,715430,1729854
5/30/13,W,996198,717726,1713924
5/31/13,W,1044620,719350,1763970
6/1/13,A,631022,445218,1076240
6/2/13,U,439719,333835,773554
6/3/13,W,1054416,707210,1761626
6/4/13,W,1044555,716102,1760657
6/5/13,W,1024709,716938,1741647
6/6/13,W,1021552,736943,1758495
6/7/13,W,1030362,768035,1798397
6/8/13,A,661759,537485,1199244
6/9/13,U,473625,393881,867506
6/10/13,W,993550,731202,1724752
6/11/13,W,1027027,752653,1779680
6/12/13,W,969474,718831,1688305
6/13/13,W,1031992,761985,1793977
6/14/13,W,1033513,747980,1781493
6/15/13,A,624345,453140,1077485
6/16/13,U,479896,369569,849465
6/17/13,W,969085,692856,1661941
6/18/13,W,975403,701224,1676627
6/19/13,W,990561,718139,1708700
6/20/13,W,974707,724184,1698891
6/21/13,W,917934,724999,1642933
6/22/13,A,633702,488805,1122507
6/23/13,U,479321,394460,873781
6/24/13,W,920436,699721,1620157
6/25/13,W,888128,694726,1582854
6/26/13,W,866326,690875,1557201
6/27/13,W,913619,723050,1636669
6/28/13,W,898642,894811,1793453
6/29/13,A,620304,463716,1084020
6/30/13,U,488073,543707,1031780
7/1/13,W,946062,681252,1627314
7/2/13,W,911309,677994,1589303
7/3/13,W,945848,693445,1639293
7/4/13,U,525424,407174,932598
7/5/13,W,806355,592583,1398938
7/6/13,A,619632,463509,1083141
7/7/13,U,467091,354565,821656
7/8/13,W,863581,664506,1528087
7/9/13,W,928137,708853,1636990
7/10/13,W,961940,756010,1717950
7/11/13,W,958922,787568,1746490
7/12/13,W,928925,802562,1731487
7/13/13,A,662483,565833,1228316
7/14/13,U,487170,413355,900525
7/15/13,W,904464,683553,1588017
7/16/13,W,924281,695896,1620177
7/17/13,W,922657,706991,1629648
7/18/13,W,904388,720245,1624633
7/19/13,W,897959,775821,1673780
7/20/13,A,646339,546852,1193191
7/21/13,U,469900,410606,880506
7/22/13,W,903084,709718,1612802
7/23/13,W,919858,720357,1640215
7/24/13,W,928256,713067,1641323
7/25/13,W,919260,715876,1635136
7/26/13,W,890066,688728,1578794
7/27/13,A,614357,461775,1076132
7/28/13,U,455742,371125,826867
7/29/13,W,894999,693570,1588569
7/30/13,W,894122,713697,1607819
7/31/13,W,898783,707557,1606340
8/1/13,W,950707,753887,1704594
8/2/13,W,918087,795020,1713107
8/3/13,A,667710,574621,1242331
8/4/13,U,475029,462380,937409
8/5/13,W,885007,688747,1573754
8/6/13,W,914261,698763,1613024
8/7/13,W,898114,694946,1593060
8/8/13,W,912994,702001,1614995
8/9/13,W,906417,711160,1617577
8/10/13,A,642566,493210,1135776
8/11/13,U,459030,365118,824148
8/12/13,W,848703,684985,1533688
8/13/13,W,883243,712564,1595807
8/14/13,W,882740,717664,1600404
8/15/13,W,877526,705604,1583130
8/16/13,W,890423,730276,1620699
8/17/13,A,634078,506124,1140202
8/18/13,U,472515,384202,856717
8/19/13,W,859701,671949,1531650
8/20/13,W,894283,699558,1593841
8/21/13,W,894827,704103,1598930
8/22/13,W,855068,697777,1552845
8/23/13,W,932928,715975,1648903
8/24/13,A,632311,465546,1097857
8/25/13,U,463843,353352,817195
8/26/13,W,1020173,696403,1716576
8/27/13,W,1032675,721814,1754489
8/28/13,W,1019457,732138,1751595
8/29/13,W,1048608,759088,1807696
8/30/13,W,1025684,740853,1766537
8/31/13,A,596363,462487,1058850
9/1/13,U,493648,423770,917418
9/2/13,U,454573,344582,799155
9/3/13,W,1089544,761455,1850999
9/4/13,W,1077803,769975,1847778
9/5/13,W,1059826,763277,1823103
9/6/13,W,1067536,786864,1854400
9/7/13,A,634809,510149,1144958
9/8/13,U,459104,371781,830885
9/9/13,W,1052783,752305,1805088
9/10/13,W,1034136,762582,1796718
9/11/13,W,1047538,783710,1831248
9/12/13,W,1050318,812163,1862481
9/13/13,W,1036536,803298,1839834
9/14/13,A,632081,504797,1136878
9/15/13,U,409765,345621,755386
9/16/13,W,1033555,776155,1809710
9/17/13,W,1049035,788413,1837448
9/18/13,W,1023243,783471,1806714
9/19/13,W,1000885,791208,1792093
9/20/13,W,1034561,800104,1834665
9/21/13,A,629564,526128,1155692
9/22/13,U,445308,368372,813680
9/23/13,W,1026469,780751,1807220
9/24/13,W,1041341,805859,1847200
9/25/13,W,1055790,810826,1866616
9/26/13,W,1047323,813509,1860832
9/27/13,W,1034355,797916,1832271
9/28/13,A,635517,506929,1142446
9/29/13,U,439655,360040,799695
9/30/13,W,1007775,765034,1772809
10/1/13,W,1100251,760127,1860378
10/2/13,W,1060370,771294,1831664
10/3/13,W,1073368,776149,1849517
10/4/13,W,1055644,763663,1819307
10/5/13,A,606526,457086,1063612
10/6/13,U,468784,350969,819753
10/7/13,W,1033503,748714,1782217
10/8/13,W,1062411,762764,1825175
10/9/13,W,1056846,774550,1831396
10/10/13,W,1041043,803786,1844829
10/11/13,W,1033797,792305,1826102
10/12/13,A,597479,497092,1094571
10/13/13,U,433578,528335,961913
10/14/13,W,836533,678287,1514820
10/15/13,W,1005851,764848,1770699
10/16/13,W,1017742,779074,1796816
10/17/13,W,1025838,789200,1815038
10/18/13,W,1024958,784891,1809849
10/19/13,A,599201,498671,1097872
10/20/13,U,417109,367355,784464
10/21/13,W,972502,778456,1750958
10/22/13,W,948098,785501,1733599
10/23/13,W,993612,797121,1790733
10/24/13,W,1007402,810665,1818067
10/25/13,W,986527,797551,1784078
10/26/13,A,578216,492032,1070248
10/27/13,U,413217,346467,759684
10/28/13,W,982644,768974,1751618
10/29/13,W,976102,790974,1767076
10/30/13,W,967902,791183,1759085
10/31/13,W,956055,786574,1742629
11/1/13,W,937537,783970,1721507
11/2/13,A,593170,483120,1076290
11/3/13,U,430036,384737,814773
11/4/13,W,978017,788454,1766471
11/5/13,W,982549,795511,1778060
11/6/13,W,965938,792044,1757982
11/7/13,W,974582,812279,1786861
11/8/13,W,974269,808267,1782536
11/9/13,A,589432,507077,1096509
11/10/13,U,426989,370923,797912
11/11/13,W,727925,671720,1399645
11/12/13,W,884181,770609,1654790
11/13/13,W,967800,783483,1751283
11/14/13,W,968420,806089,1774509
11/15/13,W,972734,803561,1776295
11/16/13,A,548828,489767,1038595
11/17/13,U,343928,316525,660453
11/18/13,W,948312,775101,1723413
11/19/13,W,972260,790434,1762694
11/20/13,W,974233,788003,1762236
11/21/13,W,967167,799283,1766450
11/22/13,W,955058,797556,1752614
11/23/13,A,535573,513370,1048943
11/24/13,U,362949,311868,674817
11/25/13,W,898537,742488,1641025
11/26/13,W,913171,768042,1681213
11/27/13,W,785887,655899,1441786
11/28/13,U,316200,238112,554312
11/29/13,W,625605,448939,1074544
11/30/13,A,594111,419067,1013178
12/1/13,U,393065,311377,704442
12/2/13,W,966367,745892,1712259
12/3/13,W,1011416,772345,1783761
12/4/13,W,1022579,778031,1800610
12/5/13,W,956982,782864,1739846
12/6/13,W,933388,766511,1699899
12/7/13,A,523861,455354,979215
12/8/13,U,356936,322820,679756
12/9/13,W,904306,745781,1650087
12/10/13,W,884567,726111,1610678
12/11/13,W,888272,736512,1624784
12/12/13,W,864926,722404,1587330
12/13/13,W,930494,760860,1691354
12/14/13,A,508408,473775,982183
12/15/13,U,357251,317666,674917
12/16/13,W,856591,697993,1554584
12/17/13,W,883958,716650,1600608
12/18/13,W,900934,719652,1620586
12/19/13,W,888294,715173,1603467
12/20/13,W,885107,706214,1591321
12/21/13,A,513799,421443,935242
12/22/13,U,374537,310920,685457
12/23/13,W,691365,545145,1236510
12/24/13,W,474089,341784,815873
12/25/13,U,218166,144912,363078
12/26/13,W,557420,438202,995622
12/27/13,W,659876,531774,1191650
12/28/13,A,506219,405004,911223
12/29/13,U,335610,292169,627779
12/30/13,W,604796,537971,1142767
12/31/13,W,595963,565346,1161309
1/1/14,U,281657,303441,585098
1/2/14,W,601103,569395,1170498
1/3/14,W,691262,598290,1289552
1/4/14,A,469542,361203,830745
1/5/14,U,268582,237067,505649
1/6/14,W,311075,269542,580617
1/7/14,W,489810,468681,958491
1/8/14,W,806256,687473,1493729
1/9/14,W,860867,727384,1588251
1/10/14,W,872079,725812,1597891
1/11/14,A,526267,424639,950906
1/12/14,U,387031,312663,699694
1/13/14,W,948883,762345,1711228
1/14/14,W,923401,761893,1685294
1/15/14,W,940266,761924,1702190
1/16/14,W,927231,765910,1693141
1/17/14,W,909353,743024,1652377
1/18/14,A,480918,418986,899904
1/19/14,U,372608,316288,688896
1/20/14,W,599662,502485,1102147
1/21/14,W,855515,734096,1589611
1/22/14,W,872967,737074,1610041
1/23/14,W,825049,715759,1540808
1/24/14,W,763075,680260,1443335
1/25/14,A,490314,396641,886955
1/26/14,U,337328,280648,617976
1/27/14,W,502031,472484,974515
1/28/14,W,519517,485867,1005384
1/29/14,W,889744,733780,1623524
1/30/14,W,902855,751471,1654326
1/31/14,W,930172,754479,1684651
2/1/14,A,497989,405961,903950
2/2/14,U,377994,299870,677864
2/3/14,W,931825,729128,1660953
2/4/14,W,946438,759960,1706398
2/5/14,W,828739,753984,1582723
2/6/14,W,888288,753787,1642075
2/7/14,W,873759,724771,1598530
2/8/14,A,513518,416614,930132
2/9/14,U,385739,301471,687210
2/10/14,W,888500,716772,1605272
2/11/14,W,923651,743715,1667366
2/12/14,W,842139,713255,1555394
2/13/14,W,975061,784280,1759341
2/14/14,W,961152,778342,1739494
2/15/14,A,567619,448648,1016267
2/16/14,U,401088,324457,725545
2/17/14,W,695931,594339,1290270
2/18/14,W,947147,777183,1724330
2/19/14,W,974552,783745,1758297
2/20/14,W,893699,759455,1653154
2/21/14,W,926827,766802,1693629
2/22/14,A,570349,452998,1023347
2/23/14,U,392042,315317,707359
2/24/14,W,925043,739926,1664969
2/25/14,W,933471,752744,1686215
2/26/14,W,884516,728685,1613201
2/27/14,W,876615,728137,1604752
2/28/14,W,936301,745915,1682216
3/1/14,A,559952,448218,1008170
3/2/14,U,371300,304402,675702
3/3/14,W,900837,709629,1610466
3/4/14,W,953477,761357,1714834
3/5/14,W,918971,769178,1688149
3/6/14,W,962802,775465,1738267
3/7/14,W,958096,769821,1727917
3/8/14,A,553250,447401,1000651
3/9/14,U,405308,328025,733333
3/10/14,W,959467,767043,1726510
3/11/14,W,959134,772592,1731726
3/12/14,W,868232,746895,1615127
3/13/14,W,940113,785327,1725440
3/14/14,W,955810,819256,1775066
3/15/14,A,593789,674922,1268711
3/16/14,U,371881,349484,721365
3/17/14,W,932779,763579,1696358
3/18/14,W,959483,782899,1742382
3/19/14,W,920270,767680,1687950
3/20/14,W,957032,786292,1743324
3/21/14,W,959387,779226,1738613
3/22/14,A,597815,452237,1050052
3/23/14,U,418299,315092,733391
3/24/14,W,923396,706637,1630033
3/25/14,W,928067,719323,1647390
3/26/14,W,961287,734053,1695340
3/27/14,W,927050,725889,1652939
3/28/14,W,944696,732211,1676907
3/29/14,A,572055,438766,1010821
3/30/14,U,432880,379220,812100
3/31/14,W,940176,762112,1702288
4/1/14,W,986346,772459,1758805
4/2/14,W,952475,784201,1736676
4/3/14,W,917123,765726,1682849
4/4/14,W,941118,806643,1747761
4/5/14,A,599182,531509,1130691
4/6/14,U,435676,373726,809402
4/7/14,W,913081,753038,1666119
4/8/14,W,913012,773383,1686395
4/9/14,W,977698,805182,1782880
4/10/14,W,947682,806042,1753724
4/11/14,W,953384,803062,1756446
4/12/14,A,574622,524370,1098992
4/13/14,U,390666,330841,721507
4/14/14,W,792277,697727,1490004
4/15/14,W,844484,734464,1578948
4/16/14,W,866995,757767,1624762
4/17/14,W,864791,770728,1635519
4/18/14,W,814560,712086,1526646
4/19/14,A,568016,476147,1044163
4/20/14,U,399289,333380,732669
4/21/14,W,876478,741631,1618109
4/22/14,W,938052,794547,1732599
4/23/14,W,911681,793484,1705165
4/24/14,W,893970,794395,1688365
4/25/14,W,936028,797851,1733879
4/26/14,A,580601,499576,1080177
4/27/14,U,400302,344503,744805
4/28/14,W,884033,735132,1619165
4/29/14,W,919869,770461,1690330
4/30/14,W,925494,772097,1697591
5/1/14,W,985012,788162,1773174
5/2/14,W,981085,794448,1775533
5/3/14,A,632332,511129,1143461
5/4/14,U,429710,356412,786122
5/5/14,W,963691,769476,1733167
5/6/14,W,974250,784430,1758680
5/7/14,W,967197,773634,1740831
5/8/14,W,968856,794388,1763244
5/9/14,W,921741,762641,1684382
5/10/14,A,608188,468058,1076246
5/11/14,U,402497,321063,723560
5/12/14,W,880457,711215,1591672
5/13/14,W,904717,735362,1640079
5/14/14,W,916259,749500,1665759
5/15/14,W,890597,751405,1642002
5/16/14,W,900252,764035,1664287
5/17/14,A,579674,492704,1072378
5/18/14,U,434998,382342,817340
5/19/14,W,885010,732346,1617356
5/20/14,W,922226,781529,1703755
5/21/14,W,925959,790957,1716916
5/22/14,W,908285,788319,1696604
5/23/14,W,906712,763127,1669839
5/24/14,A,575483,490635,1066118
5/25/14,U,450296,403930,854226
5/26/14,U,413568,345231,758799
5/27/14,W,880521,728464,1608985
5/28/14,W,905284,751880,1657164
5/29/14,W,901067,762505,1663572
5/30/14,W,934382,782522,1716904
5/31/14,A,600856,507919,1108775
6/1/14,U,445596,376894,822490
6/2/14,W,864622,726524,1591146
6/3/14,W,936306,812230,1748536
6/4/14,W,879397,762035,1641432
6/5/14,W,910818,797899,1708717
6/6/14,W,906586,796373,1702959
6/7/14,A,585247,524812,1110059
6/8/14,U,429503,393358,822861
6/9/14,W,878784,750337,1629121
6/10/14,W,859477,748307,1607784
6/11/14,W,870560,761366,1631926
6/12/14,W,880810,779426,1660236
6/13/14,W,881991,810893,1692884
6/14/14,A,581799,556285,1138084
6/15/14,U,410273,388603,798876
6/16/14,W,796802,729177,1525979
6/17/14,W,806325,738327,1544652
6/18/14,W,766725,717546,1484271
6/19/14,W,803296,742211,1545507
6/20/14,W,813597,775063,1588660
6/21/14,A,537612,503304,1040916
6/22/14,U,452933,427533,880466
6/23/14,W,825185,726655,1551840
6/24/14,W,859711,755376,1615087
6/25/14,W,874922,761775,1636697
6/26/14,W,883107,779277,1662384
6/27/14,W,879565,793688,1673253
6/28/14,A,574082,524253,1098335
6/29/14,U,428350,534327,962677
6/30/14,W,766381,697417,1463798
7/1/14,W,855553,753101,1608654
7/1/14,W,855553,753101,1608654
7/2/14,W,824805,725327,1550132
7/2/14,W,824805,725327,1550132
7/3/14,W,856556,727253,1583809
7/3/14,W,856556,727253,1583809
7/4/14,U,478993,473842,952835
7/4/14,U,478993,473842,952835
7/5/14,A,513494,439422,952916
7/5/14,A,513494,439422,952916
7/6/14,U,410521,354469,764990
7/6/14,U,410521,354469,764990
7/7/14,W,821674,704301,1525975
7/7/14,W,821674,704301,1525975
7/8/14,W,836929,725372,1562301
7/8/14,W,836929,725372,1562301
7/9/14,W,855793,763164,1618957
7/9/14,W,855793,763164,1618957
7/10/14,W,854968,782968,1637936
7/10/14,W,854968,782968,1637936
7/11/14,W,839507,817078,1656585
7/11/14,W,839507,817078,1656585
7/12/14,A,497531,471216,968747
7/12/14,A,497531,471216,968747
7/13/14,U,437544,429753,867297
7/13/14,U,437544,429753,867297
7/14/14,W,803242,716634,1519876
7/14/14,W,803242,716634,1519876
7/15/14,W,828927,739993,1568920
7/15/14,W,828927,739993,1568920
7/16/14,W,844384,752925,1597309
7/16/14,W,844384,752925,1597309
7/17/14,W,837907,762599,1600506
7/17/14,W,837907,762599,1600506
7/18/14,W,839720,819331,1659051
7/18/14,W,839720,819331,1659051
7/19/14,A,578126,559893,1138019
7/19/14,A,578126,559893,1138019
7/20/14,U,423665,431674,855339
7/20/14,U,423665,431674,855339
7/21/14,W,821289,740142,1561431
7/21/14,W,821289,740142,1561431
7/22/14,W,825700,765642,1591342
7/22/14,W,825700,765642,1591342
7/23/14,W,838958,777929,1616887
7/23/14,W,838958,777929,1616887
7/24/14,W,833052,790076,1623128
7/24/14,W,833052,790076,1623128
7/25/14,W,813032,793426,1606458
7/25/14,W,813032,793426,1606458
7/26/14,A,563247,540197,1103444
7/26/14,A,563247,540197,1103444
7/27/14,U,423806,403719,827525
7/27/14,U,423806,403719,827525
7/28/14,W,810122,730188,1540310
7/28/14,W,810122,730188,1540310
7/29/14,W,810857,746646,1557503
7/29/14,W,810857,746646,1557503
7/30/14,W,815885,760415,1576300
7/30/14,W,815885,760415,1576300
7/31/14,W,819409,785640,1605049
7/31/14,W,819409,785640,1605049
8/1/14,W,841692,824658,1666350
8/2/14,A,592660,571486,1164146
8/3/14,U,420667,441136,861803
8/4/14,W,798672,716949,1515621
8/5/14,W,824134,737875,1562009
8/6/14,W,827073,741608,1568681
8/7/14,W,827473,745930,1573403
8/8/14,W,836918,787177,1624095
8/9/14,A,582607,552265,1134872
8/10/14,U,427882,405792,833674
8/11/14,W,772003,718836,1490839
8/12/14,W,772713,719699,1492412
8/13/14,W,817833,745654,1563487
8/14/14,W,810388,770920,1581308
8/15/14,W,820884,749693,1570577
8/16/14,A,583313,501095,1084408
8/17/14,U,422345,382210,804555
8/18/14,W,786527,708188,1494715
8/19/14,W,787767,727891,1515658
8/20/14,W,829572,758067,1587639
8/21/14,W,771537,739451,1510988
8/22/14,W,816652,762365,1579017
8/23/14,A,517416,459047,976463
8/24/14,U,432777,387171,819948
8/25/14,W,787836,712661,1500497
8/26/14,W,858520,757206,1615726
8/27/14,W,874420,768933,1643353
8/28/14,W,867478,773821,1641299
8/29/14,W,871087,781881,1652968
8/30/14,A,581944,520855,1102799
8/31/14,U,451820,448668,900488
9/1/14,U,419182,366912,786094
9/2/14,W,952266,773307,1725573
9/3/14,W,985184,813174,1798358
9/4/14,W,942676,794090,1736766
9/5/14,W,933196,801886,1735082
9/6/14,A,593846,534590,1128436
9/7/14,U,427686,395246,822932
9/8/14,W,956395,786501,1742896
9/9/14,W,967610,800307,1767917
9/10/14,W,898549,788458,1687007
9/11/14,W,953091,833378,1786469
9/12/14,W,929062,817716,1746778
9/13/14,A,584842,525886,1110728
9/14/14,U,431379,386903,818282
9/15/14,W,924594,804175,1728769
9/16/14,W,964802,827582,1792384
9/17/14,W,975664,832609,1808273
9/18/14,W,967453,848591,1816044
9/19/14,W,955896,854602,1810498
9/20/14,A,566053,511922,1077975
9/21/14,U,417931,387673,805604
9/22/14,W,947353,819134,1766487
9/23/14,W,960506,826655,1787161
9/24/14,W,961323,833600,1794923
9/25/14,W,963447,824454,1787901
9/26/14,W,957961,814285,1772246
9/27/14,A,592901,515308,1108209
9/28/14,U,423502,386129,809631
9/29/14,W,934648,793644,1728292
9/30/14,W,945847,805360,1751207
10/1/14,W,1010778,825205,1835983
10/2/14,W,960602,820764,1781366
10/3/14,W,954675,811571,1766246
10/4/14,A,557711,482714,1040425
10/5/14,U,420636,353400,774036
10/6/14,W,957372,798793,1756165
10/7/14,W,971693,814006,1785699
10/8/14,W,972010,822875,1794885
10/9/14,W,969095,838925,1808020
10/10/14,W,954800,839036,1793836
10/11/14,A,584377,527418,1111795
10/12/14,U,389901,549571,939472
10/13/14,W,743512,714675,1458187
10/14/14,W,914687,814971,1729658
10/15/14,W,956165,826620,1782785
10/16/14,W,959217,848014,1807231
10/17/14,W,949303,844701,1794004
10/18/14,A,567859,525540,1093399
10/19/14,U,424169,393552,817721
10/20/14,W,939282,801698,1740980
10/21/14,W,947668,814300,1761968
10/22/14,W,959209,818395,1777604
10/23/14,W,949675,829088,1778763
10/24/14,W,943435,815235,1758670
10/25/14,A,586281,500235,1086516
10/26/14,U,410811,362143,772954
10/27/14,W,940038,792398,1732436
10/28/14,W,953363,812867,1766230
10/29/14,W,944219,813686,1757905
10/30/14,W,951547,830872,1782419
10/31/14,W,894082,800198,1694280
11/1/14,A,556675,491328,1048003
11/2/14,U,416049,383910,799959
11/3/14,W,995821,805002,1800823
11/4/14,W,971255,805374,1776629
11/5/14,W,990008,827900,1817908
11/6/14,W,941564,821892,1763456
11/7/14,W,873365,802400,1675765
11/8/14,A,563782,492608,1056390
11/9/14,U,411806,379597,791403
11/10/14,W,938000,786491,1724491
11/11/14,W,759033,698289,1457322
11/12/14,W,911664,797730,1709394
11/13/14,W,866929,789154,1656083
11/14/14,W,911150,794103,1705253
11/15/14,A,532937,458706,991643
11/16/14,U,372383,331794,704177
11/17/14,W,863661,758113,1621774
11/18/14,W,846179,755916,1602095
11/19/14,W,889137,774198,1663335
11/20/14,W,899732,786919,1686651
11/21/14,W,898889,787291,1686180
11/22/14,A,534874,525065,1059939
11/23/14,U,380928,340202,721130
11/24/14,W,857759,746052,1603811
11/25/14,W,889039,780322,1669361
11/26/14,W,738720,652762,1391482
11/27/14,U,285946,233318,519264
11/28/14,W,525696,424837,950533
11/29/14,A,493851,417770,911621
11/30/14,U,367831,311435,679266
12/1/14,W,912722,743704,1656426
12/2/14,W,926053,766316,1692369
12/3/14,W,964141,782753,1746894
12/4/14,W,939372,804113,1743485
12/5/14,W,937187,800885,1738072
12/6/14,A,569561,490865,1060426
12/7/14,U,397656,334688,732344
12/8/14,W,882998,734002,1617000
12/9/14,W,911402,758780,1670182
12/10/14,W,914038,763277,1677315
12/11/14,W,922765,774798,1697563
12/12/14,W,912339,773048,1685387
12/13/14,A,575613,498945,1074558
12/14/14,U,418122,357042,775164
12/15/14,W,871449,725989,1597438
12/16/14,W,875970,729798,1605768
12/17/14,W,868378,720814,1589192
12/18/14,W,867861,722656,1590517
12/19/14,W,857137,716221,1573358
12/20/14,A,537820,436322,974142
12/21/14,U,397000,332367,729367
12/22/14,W,705765,619508,1325273
12/23/14,W,720116,617728,1337844
12/24/14,W,549046,388742,937788
12/25/14,U,238015,159831,397846
12/26/14,W,569843,422543,992386
12/27/14,A,449446,337243,786689
12/28/14,U,353263,283343,636606
12/29/14,W,654612,559416,1214028
12/30/14,W,646243,567099,1213342
12/31/14,W,599316,642981,1242297
1/1/15,U,300426,287754,588180
1/2/15,W,656375,527583,1183958
1/3/15,A,441327,340135,781462
1/4/15,U,330082,267676,597758
1/5/15,W,753918,657877,1411795
1/6/15,W,771953,679913,1451866
1/7/15,W,508815,509075,1017890
1/8/15,W,558275,579994,1138269
1/9/15,W,715334,639901,1355235
1/10/15,A,435672,352140,787812
1/11/15,U,349027,279494,628521
1/12/15,W,871183,738697,1609880
1/13/15,W,881226,743774,1625000
1/14/15,W,885449,742410,1627859
1/15/15,W,899363,760336,1659699
1/16/15,W,898222,748177,1646399
1/17/15,A,539500,417756,957256
1/18/15,U,391445,300710,692155
1/19/15,W,597347,502376,1099723
1/20/15,W,913930,754946,1668876
1/21/15,W,905178,756860,1662038
1/22/15,W,903230,761705,1664935
1/23/15,W,902567,747376,1649943
1/24/15,A,538766,415123,953889
1/25/15,U,339402,279154,618556
1/26/15,W,896430,738965,1635395
1/27/15,W,913448,764457,1677905
1/28/15,W,922297,763680,1685977
1/29/15,W,898174,760217,1658391
1/30/15,W,933971,754968,1688939
1/31/15,A,551745,419577,971322
2/1/15,U,293689,270615,564304
2/2/15,W,632367,563770,1196137
2/3/15,W,947457,806148,1753605
2/4/15,W,957218,791399,1748617
2/5/15,W,932148,780378,1712526
2/6/15,W,959648,768091,1727739
2/7/15,A,600789,439214,1040003
2/8/15,U,399923,298701,698624
2/9/15,W,936475,750136,1686611
2/10/15,W,965833,772727,1738560
2/11/15,W,966071,770885,1736956
2/12/15,W,883395,729249,1612644
2/13/15,W,911949,740559,1652508
2/14/15,A,514916,380652,895568
2/15/15,U,336299,276160,612459
2/16/15,W,652807,547767,1200574
2/17/15,W,912529,745575,1658104
2/18/15,W,833785,707746,1541531
2/19/15,W,576326,575180,1151506
2/20/15,W,847700,697600,1545300
2/21/15,A,565948,410400,976348
2/22/15,U,378733,299663,678396
2/23/15,W,857014,700742,1557756
2/24/15,W,901872,728674,1630546
2/25/15,W,905748,752497,1658245
2/26/15,W,857402,755359,1612761
2/27/15,W,903421,736663,1640084
2/28/15,A,542479,405241,947720
3/1/15,U,383971,293964,677935
3/2/15,W,912384,715945,1628329
3/3/15,W,904439,735951,1640390
3/4/15,W,928771,750369,1679140
3/5/15,W,909192,744229,1653421
3/6/15,W,909446,732902,1642348
3/7/15,A,585771,427330,1013101
3/8/15,U,399324,309962,709286
3/9/15,W,935951,752995,1688946
3/10/15,W,953173,767551,1720724
3/11/15,W,955083,778171,1733254
3/12/15,W,953310,790210,1743520
3/13/15,W,950690,801547,1752237
3/14/15,A,605758,673707,1279465
3/15/15,U,432055,362045,794100
3/16/15,W,939583,768218,1707801
3/17/15,W,934438,770081,1704519
3/18/15,W,937056,771625,1708681
3/19/15,W,928929,771127,1700056
3/20/15,W,932331,760906,1693237
3/21/15,A,566447,447493,1013940
3/22/15,U,383134,306283,689417
3/23/15,W,817246,693264,1510510
3/24/15,W,904344,727888,1632232
3/25/15,W,916538,734311,1650849
3/26/15,W,925361,736687,1662048
3/27/15,W,888293,726738,1615031
3/28/15,A,539031,429689,968720
3/29/15,U,362329,325865,688194
3/30/15,W,903992,736692,1640684
3/31/15,W,922487,753405,1675892
4/1/15,W,974353,784085,1758438
4/2/15,W,897550,761806,1659356
4/3/15,W,814328,681130,1495458
4/4/15,A,582015,427101,1009116
4/5/15,U,393690,327292,720982
4/6/15,W,807389,711923,1519312
4/7/15,W,813597,727328,1540925
4/8/15,W,822289,750275,1572564
4/9/15,W,748326,711033,1459359
4/10/15,W,828661,757159,1585820
4/11/15,A,586791,469045,1055836
4/12/15,U,410420,332334,742754
4/13/15,W,908654,767492,1676146
4/14/15,W,946490,796083,1742573
4/15/15,W,904861,796244,1701105
4/16/15,W,890058,791213,1681271
4/17/15,W,936814,818272,1755086
4/18/15,A,599954,503902,1103856
4/19/15,U,394676,338222,732898
4/20/15,W,907393,762726,1670119
4/21/15,W,931681,779658,1711339
4/22/15,W,925517,780432,1705949
4/23/15,W,935537,799888,1735425
4/24/15,W,912926,782626,1695552
4/25/15,A,496407,435893,932300
4/26/15,U,419729,352658,772387
4/27/15,W,925541,769888,1695429
4/28/15,W,941909,789018,1730927
4/29/15,W,934550,793551,1728101
4/30/15,W,923564,817167,1740731
5/1/15,W,993931,835711,1829642
5/2/15,A,629640,548837,1178477
5/3/15,U,435591,379014,814605
5/4/15,W,933337,756442,1689779
5/5/15,W,918652,769751,1688403
5/6/15,W,951886,789988,1741874
5/7/15,W,956437,810302,1766739
5/8/15,W,916218,780602,1696820
5/9/15,A,572064,455436,1027500
5/10/15,U,385323,315215,700538
5/11/15,W,869148,743353,1612501
5/12/15,W,904654,770185,1674839
5/13/15,W,926402,784501,1710903
5/14/15,W,912634,795093,1707727
5/15/15,W,921190,804671,1725861
5/16/15,A,561092,493377,1054469
5/17/15,U,415263,373832,789095
5/18/15,W,908842,761991,1670833
5/19/15,W,902867,759919,1662786
5/20/15,W,906942,760399,1667341
5/21/15,W,921476,784762,1706238
5/22/15,W,908692,760362,1669054
5/23/15,A,575386,501879,1077265
5/24/15,U,401488,366008,767496
5/25/15,U,397951,357227,755178
5/26/15,W,878946,743291,1622237
5/27/15,W,921204,783749,1704953
5/28/15,W,925094,787104,1712198
5/29/15,W,892551,800510,1693061
5/30/15,A,481814,428464,910278
5/31/15,U,388866,351159,740025
6/1/15,W,942997,757975,1700972
6/2/15,W,933346,779073,1712419
6/3/15,W,964899,794693,1759592
6/4/15,W,938834,797464,1736298
6/5/15,W,919157,784462,1703619
6/6/15,A,606641,511352,1117993
6/7/15,U,388946,337748,726694
6/8/15,W,891851,759176,1651027
6/9/15,W,932006,792806,1724812
6/10/15,W,915049,801607,1716656
6/11/15,W,898644,811432,1710076
6/12/15,W,854059,812194,1666253
6/13/15,A,590950,566965,1157915
6/14/15,U,419317,407107,826424
6/15/15,W,817931,774439,1592370
6/16/15,W,911783,818185,1729968
6/17/15,W,869500,775968,1645468
6/18/15,W,867529,914768,1782297
6/19/15,W,893122,813552,1706674
6/20/15,A,563855,500734,1064589
6/21/15,U,439513,390557,830070
6/22/15,W,759346,731448,1490794
6/23/15,W,840211,794064,1634275
6/24/15,W,821308,787858,1609166
6/25/15,W,808260,791423,1599683
6/26/15,W,773954,748661,1522615
6/27/15,A,570969,509237,1080206
6/28/15,U,439944,577866,1017810
6/29/15,W,797072,730941,1528013
6/30/15,W,835118,751277,1586395
7/1/15,W,886380,762718,1649098
7/2/15,W,850667,773838,1624505
7/3/15,U,602599,612736,1215335
7/4/15,A,508110,545727,1053837
7/5/15,U,427090,435680,862770
7/6/15,W,816338,770918,1587256
7/7/15,W,834983,794300,1629283
7/8/15,W,848028,813381,1661409
7/9/15,W,856253,834100,1690353
7/10/15,W,858745,851630,1710375
7/11/15,A,575848,560642,1136490
7/12/15,U,457477,468153,925630
7/13/15,W,784509,727235,1511744
7/14/15,W,836909,760527,1597436
7/15/15,W,859672,775047,1634719
7/16/15,W,802468,762144,1564612
7/17/15,W,822257,809549,1631806
7/18/15,A,529845,515769,1045614
7/19/15,U,440059,443655,883714
7/20/15,W,819425,749387,1568812
7/21/15,W,848416,782194,1630610
7/22/15,W,844761,785763,1630524
7/23/15,W,844483,783822,1628305
7/24/15,W,830024,818410,1648434
7/25/15,A,573827,539665,1113492
7/26/15,U,419005,402975,821980
7/27/15,W,820529,760311,1580840
7/28/15,W,827024,782394,1609418
7/29/15,W,814733,820373,1635106
7/30/15,W,825894,811903,1637797
7/31/15,W,834790,871817,1706607
8/1/15,A,574270,587633,1161903
8/2/15,U,425896,469421,895317
8/3/15,W,833632,751771,1585403
8/4/15,W,839704,762573,1602277
8/5/15,W,831758,765442,1597200
8/6/15,W,825012,795399,1620411
8/7/15,W,831076,798253,1629329
8/8/15,A,577878,534305,1112183
8/9/15,U,414942,384961,799903
8/10/15,W,772518,716242,1488760
8/11/15,W,823620,770361,1593981
8/12/15,W,817244,772367,1589611
8/13/15,W,817948,790163,1608111
8/14/15,W,813718,760558,1574276
8/15/15,A,567544,517393,1084937
8/16/15,U,448872,420453,869325
8/17/15,W,775836,708821,1484657
8/18/15,W,782272,745246,1527518
8/19/15,W,801496,768950,1570446
8/20/15,W,820929,778440,1599369
8/21/15,W,829744,785707,1615451
8/22/15,A,582295,519930,1102225
8/23/15,U,412542,393966,806508
8/24/15,W,824140,774207,1598347
8/25/15,W,838405,768794,1607199
8/26/15,W,860821,774429,1635250
8/27/15,W,858460,803728,1662188
8/28/15,W,841111,770482,1611593
8/29/15,A,520511,468675,989186
8/30/15,U,417777,371923,789700
8/31/15,W,836125,771622,1607747
9/1/15,W,909864,799606,1709470
9/2/15,W,882052,792561,1674613
9/3/15,W,907453,800062,1707515
9/4/15,W,869966,802219,1672185
9/5/15,A,571868,528694,1100562
9/6/15,U,452841,452445,905286
9/7/15,U,419206,362421,781627
9/8/15,W,885886,756110,1641996
9/9/15,W,966510,821823,1788333
9/10/15,W,928707,823661,1752368
9/11/15,W,924272,872323,1796595
9/12/15,A,553239,530282,1083521
9/13/15,U,423559,417183,840742
9/14/15,W,930582,803746,1734328
9/15/15,W,956026,853826,1809852
9/16/15,W,956622,840594,1797216
9/17/15,W,927771,851514,1779285
9/18/15,W,895702,853094,1748796
9/19/15,A,558990,557919,1116909
9/20/15,U,433770,428858,862628
9/21/15,W,935471,837061,1772532
9/22/15,W,947566,842632,1790198
9/23/15,W,942933,838495,1781428
9/24/15,W,942518,835403,1777921
9/25/15,W,951827,863209,1815036
9/26/15,A,598862,565634,1164496
9/27/15,U,422542,406802,829344
9/28/15,W,929278,829791,1759069
9/29/15,W,914286,822855,1737141
9/30/15,W,946374,835001,1781375
10/1/15,W,993576,848050,1841626
10/2/15,W,981039,837159,1818198
10/3/15,A,571153,488574,1059727
10/4/15,U,417529,371950,789479
10/5/15,W,948999,805091,1754090
10/6/15,W,967808,831137,1798945
10/7/15,W,970204,854361,1824565
10/8/15,W,959798,851423,1811221
10/9/15,W,931769,854606,1786375
10/10/15,A,577667,541173,1118840
10/11/15,U,400140,558033,958173
10/12/15,W,759254,776968,1536222
10/13/15,W,947941,873747,1821688
10/14/15,W,954519,845066,1799585
10/15/15,W,946290,860809,1807099
10/16/15,W,936818,855252,1792070
10/17/15,A,578160,546096,1124256
10/18/15,U,415455,392712,808167
10/19/15,W,930236,819286,1749522
10/20/15,W,950953,875792,1826745
10/21/15,W,955633,882188,1837821
10/22/15,W,942983,852957,1795940
10/23/15,W,915489,828812,1744301
10/24/15,A,556146,492083,1048229
10/25/15,U,415182,368100,783282
10/26/15,W,929741,805144,1734885
10/27/15,W,916953,824772,1741725
10/28/15,W,910794,826173,1736967
10/29/15,W,916453,837868,1754321
10/30/15,W,949185,840246,1789431
10/31/15,A,500004,418362,918366
11/1/15,U,436791,378873,815664
11/2/15,W,940464,817657,1758121
11/3/15,W,987382,830460,1817842
11/4/15,W,956176,842035,1798211
11/5/15,W,942300,851684,1793984
11/6/15,W,925054,832872,1757926
11/7/15,A,573470,496404,1069874
11/8/15,U,414784,379185,793969
11/9/15,W,923927,811177,1735104
11/10/15,W,940362,832141,1772503
11/11/15,W,755234,738828,1494062
11/12/15,W,879349,820988,1700337
11/13/15,W,837532,804273,1641805
11/14/15,A,545554,475091,1020645
11/15/15,U,411704,352488,764192
11/16/15,W,908305,797597,1705902
11/17/15,W,880013,801291,1681304
11/18/15,W,893671,808901,1702572
11/19/15,W,884290,811595,1695885
11/20/15,W,894949,812590,1707539
11/21/15,A,429624,469943,899567
11/22/15,U,356953,338408,695361
11/23/15,W,877236,781545,1658781
11/24/15,W,898177,805812,1703989
11/25/15,W,735265,667707,1402972
11/26/15,U,288282,234285,522567
11/27/15,W,443089,410220,853309
11/28/15,A,459598,396926,856524
11/29/15,U,365314,312990,678304
11/30/15,W,870662,756626,1627288
12/1/15,W,949925,794768,1744693
12/2/15,W,906715,792020,1698735
12/3/15,W,940609,807065,1747674
12/4/15,W,930083,815301,1745384
12/5/15,A,566882,501339,1068221
12/6/15,U,411174,360066,771240
12/7/15,W,898172,758242,1656414
12/8/15,W,910018,775695,1685713
12/9/15,W,916281,789224,1705505
12/10/15,W,909606,796080,1705686
12/11/15,W,912854,801907,1714761
12/12/15,A,541305,491199,1032504
12/13/15,U,383666,344084,727750
12/14/15,W,849106,728299,1577405
12/15/15,W,884506,755882,1640388
12/16/15,W,871638,755292,1626930
12/17/15,W,864846,752203,1617049
12/18/15,W,846033,738908,1584941
12/19/15,A,506208,423960,930168
12/20/15,U,392051,326681,718732
12/21/15,W,696473,644071,1340544
12/22/15,W,722061,664559,1386620
12/23/15,W,654312,571814,1226126
12/24/15,W,531521,378784,910305
12/25/15,U,231718,162100,393818
12/26/15,A,387357,292832,680189
12/27/15,U,334737,272169,606906
12/28/15,W,514171,484349,998520
12/29/15,W,638221,571322,1209543
12/30/15,W,636706,585337,1222043
12/31/15,W,604409,565772,1170181
1/1/16,U,303321,319835,623156
1/2/16,A,448859,365509,814368
1/3/16,U,340540,287661,628201
1/4/16,W,829429,703185,1532614
1/5/16,W,846789,727716,1574505
1/6/16,W,853904,733167,1587071
1/7/16,W,846274,736809,1583083
1/8/16,W,841494,732495,1573989
1/9/16,A,469539,391597,861136
1/10/16,U,306896,263073,569969
1/11/16,W,753006,694734,1447740
1/12/16,W,760149,705694,1465843
1/13/16,W,787220,716663,1503883
1/14/16,W,859099,758116,1617215
1/15/16,W,858032,742622,1600654
1/16/16,A,486797,404212,891009
1/17/16,U,266532,241160,507692
1/18/16,W,439597,405686,845283
1/19/16,W,810646,727458,1538104
1/20/16,W,856911,758524,1615435
1/21/16,W,873177,766262,1639439
1/22/16,W,841282,745168,1586450
1/23/16,A,487975,416999,904974
1/24/16,U,352859,293804,646663
1/25/16,W,865486,751104,1616590
1/26/16,W,872768,764023,1636791
1/27/16,W,882832,768241,1651073
1/28/16,W,877280,771161,1648441
1/29/16,W,863548,751090,1614638
1/30/16,A,510514,427874,938388
1/31/16,U,358361,293056,651417
2/1/16,W,926781,759849,1686630
2/2/16,W,833911,739247,1573158
2/3/16,W,925655,772821,1698476
2/4/16,W,901406,778227,1679633
2/5/16,W,785587,731495,1517082
2/6/16,A,522296,423602,945898
2/7/16,U,377642,301141,678783
2/8/16,W,856547,733387,1589934
2/9/16,W,858961,752849,1611810
2/10/16,W,850090,742445,1592535
2/11/16,W,866884,752703,1619587
2/12/16,W,820833,706242,1527075
2/13/16,A,438203,392095,830298
2/14/16,U,339238,314191,653429
2/15/16,W,605584,548390,1153974
2/16/16,W,883108,764147,1647255
2/17/16,W,889758,766940,1656698
2/18/16,W,890627,773317,1663944
2/19/16,W,887914,761996,1649910
2/20/16,A,566721,464149,1030870
2/21/16,U,378769,311190,689959
2/22/16,W,869531,745072,1614603
2/23/16,W,890949,765309,1656258
2/24/16,W,795160,725712,1520872
2/25/16,W,855117,762858,1617975
2/26/16,W,865397,749991,1615388
2/27/16,A,536678,455421,992099
2/28/16,U,385121,323758,708879
2/29/16,W,862380,742972,1605352
3/1/16,W,859775,741922,1601697
3/2/16,W,878633,760062,1638695
3/3/16,W,882188,764033,1646221
3/4/16,W,883059,754750,1637809
3/5/16,A,503983,421193,925176
3/6/16,U,393610,327173,720783
3/7/16,W,866171,739174,1605345
3/8/16,W,902888,781301,1684189
3/9/16,W,882030,768961,1650991
3/10/16,W,888084,780687,1668771
3/11/16,W,886599,797977,1684576
3/12/16,A,542246,605182,1147428
3/13/16,U,332203,303129,635332
3/14/16,W,870740,766595,1637335
3/15/16,W,887592,769441,1657033
3/16/16,W,876232,779846,1656078
3/17/16,W,891580,793590,1685170
3/18/16,W,875707,765919,1641626
3/19/16,A,520426,438020,958446
3/20/16,U,388282,318670,706952
3/21/16,W,845669,707127,1552796
3/22/16,W,863201,727343,1590544
3/23/16,W,838201,714672,1552873
3/24/16,W,770638,689517,1460155
3/25/16,W,722960,650870,1373830
3/26/16,A,518549,415919,934468
3/27/16,U,342269,278098,620367
3/28/16,W,842760,731858,1574618
3/29/16,W,891134,766072,1657206
3/30/16,W,860700,750353,1611053
3/31/16,W,832775,758014,1590789
4/1/16,W,848592,767974,1616566
4/2/16,A,492072,406616,898688
4/3/16,U,396042,345432,741474
4/4/16,W,857791,741710,1599501
4/5/16,W,898889,774877,1673766
4/6/16,W,851050,763128,1614178
4/7/16,W,867670,786281,1653951
4/8/16,W,782419,753786,1536205
4/9/16,A,509980,446082,956062
4/10/16,U,345627,301954,647581
4/11/16,W,878043,789042,1667085
4/12/16,W,886265,777658,1663923
4/13/16,W,850705,796616,1647321
4/14/16,W,863513,805071,1668584
4/15/16,W,881603,806015,1687618
4/16/16,A,554744,505299,1060043
4/17/16,U,409732,376485,786217
4/18/16,W,785035,732335,1517370
4/19/16,W,765854,741141,1506995
4/20/16,W,774694,745040,1519734
4/21/16,W,768704,754746,1523450
4/22/16,W,745475,721051,1466526
4/23/16,A,503944,445282,949226
4/24/16,U,397080,343644,740724
4/25/16,W,854155,751951,1606106
4/26/16,W,862743,782134,1644877
4/27/16,W,856722,782591,1639313
4/28/16,W,851720,821158,1672878
4/29/16,W,893284,815629,1708913
4/30/16,A,474138,416588,890726
5/1/16,U,376131,334275,710406
5/2/16,W,878407,751259,1629666
5/3/16,W,879141,769834,1648975
5/4/16,W,879217,767760,1646977
5/5/16,W,898541,818665,1717206
5/6/16,W,877873,814758,1692631
5/7/16,A,512770,484312,997082
5/8/16,U,393146,357946,751092
5/9/16,W,815440,736551,1551991
5/10/16,W,827322,761469,1588791
5/11/16,W,873275,804156,1677431
5/12/16,W,849532,775198,1624730
5/13/16,W,852594,787476,1640070
5/14/16,A,497514,455838,953352
5/15/16,U,384799,360008,744807
5/16/16,W,836089,730287,1566376
5/17/16,W,839788,748287,1588075
5/18/16,W,856701,757395,1614096
5/19/16,W,855438,772464,1627902
5/20/16,W,834308,756160,1590468
5/21/16,A,513934,460385,974319
5/22/16,U,393684,357897,751581
5/23/16,W,839566,748976,1588542
5/24/16,W,854725,767439,1622164
5/25/16,W,833427,754244,1587671
5/26/16,W,853656,775073,1628729
5/27/16,W,808244,757981,1566225
5/28/16,A,500775,532343,1033118
5/29/16,U,409978,430982,840960
5/30/16,U,394914,389143,784057
5/31/16,W,801439,753953,1555392
6/1/16,W,872679,788650,1661329
6/2/16,W,873112,815928,1689040
6/3/16,W,892290,824890,1717180
6/4/16,A,504778,462308,967086
6/5/16,U,415836,395977,811813
6/6/16,W,854036,762707,1616743
6/7/16,W,863284,795251,1658535
6/8/16,W,866785,791667,1658452
6/9/16,W,828551,789678,1618229
6/10/16,W,862529,853441,1715970
6/11/16,A,530558,542809,1073367
6/12/16,U,409577,414048,823625
6/13/16,W,827684,760210,1587894
6/14/16,W,834141,778823,1612964
6/15/16,W,845450,786422,1631872
6/16/16,W,832864,777260,1610124
6/17/16,W,832088,818467,1650555
6/18/16,A,526402,520856,1047258
6/19/16,U,405719,396078,801797
6/20/16,W,785446,762810,1548256
6/21/16,W,834157,810149,1644306
6/22/16,W,707452,755165,1462617
6/23/16,W,757817,760840,1518657
6/24/16,W,762562,781653,1544215
6/25/16,A,531261,506223,1037484
6/26/16,U,380689,453679,834368
6/27/16,W,753543,723488,1477031
6/28/16,W,771611,748753,1520364
6/29/16,W,774728,754918,1529646
6/30/16,W,763112,783020,1546132
7/1/16,W,798706,726939,1525645
7/2/16,A,530654,448200,978854
7/3/16,U,415172,376896,792068
7/4/16,U,393858,410925,804783
7/5/16,W,769179,735491,1504670
7/6/16,W,771626,788995,1560621
7/7/16,W,769513,774128,1543641
7/8/16,W,786823,790177,1577000
7/9/16,A,536269,515738,1052007
7/10/16,U,409685,397778,807463
7/11/16,W,769128,739158,1508286
7/12/16,W,782892,749136,1532028
7/13/16,W,762764,742502,1505266
7/14/16,W,794813,775495,1570308
7/15/16,W,769172,804635,1573807
7/16/16,A,529240,528345,1057585
7/17/16,U,372190,409174,781364
7/18/16,W,774239,768719,1542958
7/19/16,W,795162,797424,1592586
7/20/16,W,788803,794496,1583299
7/21/16,W,737845,753156,1491001
7/22/16,W,745409,747479,1492888
7/23/16,A,472199,457178,929377
7/24/16,U,370394,346616,717010
7/25/16,W,757860,744827,1502687
7/26/16,W,786060,777948,1564008
7/27/16,W,789537,831925,1621462
7/28/16,W,745499,867964,1613463
7/29/16,W,739138,868062,1607200
7/30/16,A,503786,576267,1080053
7/31/16,U,400504,472314,872818
8/1/16,W,805970,779020,1584990
8/2/16,W,795778,779493,1575271
8/3/16,W,822281,785246,1607527
8/4/16,W,783253,755236,1538489
8/5/16,W,779186,747672,1526858
8/6/16,A,539382,467180,1006562
8/7/16,U,398288,355693,753981
8/8/16,W,759970,707087,1467057
8/9/16,W,781438,769199,1550637
8/10/16,W,777389,765854,1543243
8/11/16,W,767967,775031,1542998
8/12/16,W,700723,715035,1415758
8/13/16,A,522972,488035,1011007
8/14/16,U,402523,380801,783324
8/15/16,W,718167,688590,1406757
8/16/16,W,762943,764267,1527210
8/17/16,W,759254,747942,1507196
8/18/16,W,740297,743427,1483724
8/19/16,W,743211,718317,1461528
8/20/16,A,480928,445798,926726
8/21/16,U,417057,396317,813374
8/22/16,W,764690,744165,1508855
8/23/16,W,784341,744176,1528517
8/24/16,W,751955,721826,1473781
8/25/16,W,775862,737801,1513663
8/26/16,W,797432,768053,1565485
8/27/16,A,501883,451497,953380
8/28/16,U,395954,343853,739807
8/29/16,W,781400,750329,1531729
8/30/16,W,791868,767220,1559088
8/31/16,W,815110,779334,1594444
9/1/16,W,847144,784336,1631480
9/2/16,W,838151,777158,1615309
9/3/16,A,542836,509314,1052150
9/4/16,U,427194,421479,848673
9/5/16,U,399846,347259,747105
9/6/16,W,910863,760434,1671297
9/7/16,W,885587,785121,1670708
9/8/16,W,882599,797585,1680184
9/9/16,W,879935,784678,1664613
9/10/16,A,510845,465562,976407
9/11/16,U,397693,354732,752425
9/12/16,W,886146,784139,1670285
9/13/16,W,904869,811807,1716676
9/14/16,W,898125,812240,1710365
9/15/16,W,907872,862105,1769977
9/16/16,W,889307,843488,1732795
9/17/16,A,537329,524421,1061750
9/18/16,U,401077,402811,803888
9/19/16,W,894210,816014,1710224
9/20/16,W,895184,826518,1721702
9/21/16,W,863211,814264,1677475
9/22/16,W,897609,814897,1712506
9/23/16,W,880748,832417,1713165
9/24/16,A,539037,529457,1068494
9/25/16,U,394810,380403,775213
9/26/16,W,884989,787408,1672397
9/27/16,W,889769,795780,1685549
9/28/16,W,855499,787727,1643226
9/29/16,W,870533,799130,1669663
9/30/16,W,889641,787112,1676753
10/1/16,A,511504,445272,956776
10/2/16,U,391845,351589,743434
10/3/16,W,912435,775906,1688341
10/4/16,W,919088,799529,1718617
10/5/16,W,915987,815309,1731296
10/6/16,W,858960,817595,1676555
10/7/16,W,888731,877814,1766545
10/8/16,A,537610,546072,1083682
10/9/16,U,368515,528189,896704
10/10/16,W,714940,708958,1423898
10/11/16,W,884539,805839,1690378
10/12/16,W,847394,785404,1632798
10/13/16,W,896918,828891,1725809
10/14/16,W,892797,818230,1711027
10/15/16,A,542187,535567,1077754
10/16/16,U,385574,403090,788664
10/17/16,W,890736,791317,1682053
10/18/16,W,901884,810090,1711974
10/19/16,W,895104,807016,1702120
10/20/16,W,880209,812195,1692404
10/21/16,W,867704,800137,1667841
10/22/16,A,533242,566999,1100241
10/23/16,U,388470,366503,754973
10/24/16,W,869861,779618,1649479
10/25/16,W,876768,801123,1677891
10/26/16,W,824006,782126,1606132
10/27/16,W,892963,822190,1715153
10/28/16,W,894311,918735,1813046
10/29/16,A,539098,627116,1166214
10/30/16,U,377290,446582,823872
10/31/16,W,860741,797545,1658286
11/1/16,W,931276,815318,1746594
11/2/16,W,866812,842885,1709697
11/3/16,W,919828,891357,1811185
11/4/16,W,798901,1146516,1945417
11/5/16,A,536579,531687,1068266
11/6/16,U,406215,380648,786863
11/7/16,W,887002,809878,1696880
11/8/16,W,880506,791870,1672376
11/9/16,W,865500,817596,1683096
11/10/16,W,842332,807250,1649582
11/11/16,W,715260,721083,1436343
11/12/16,A,500583,474411,974994
11/13/16,U,369986,338339,708325
11/14/16,W,862939,775439,1638378
11/15/16,W,881225,797235,1678460
11/16/16,W,884662,801320,1685982
11/17/16,W,873693,811240,1684933
11/18/16,W,819907,792361,1612268
11/19/16,A,477472,501156,978628
11/20/16,U,345895,315179,661074
11/21/16,W,844666,758214,1602880
11/22/16,W,837828,756704,1594532
11/23/16,W,661576,624827,1286403
11/24/16,U,266241,219875,486116
11/25/16,W,496285,411245,907530
11/26/16,A,441384,383042,824426
11/27/16,U,343504,302029,645533
11/28/16,W,801243,720824,1522067
11/29/16,W,871577,771348,1642925
11/30/16,W,852623,768149,1620772
12/1/16,W,885401,779287,1664688
12/2/16,W,882063,780569,1662632
12/3/16,A,517756,456762,974518
12/4/16,U,333825,312904,646729
12/5/16,W,841336,735184,1576520
12/6/16,W,859470,745095,1604565
12/7/16,W,831766,745626,1577392
12/8/16,W,790418,724726,1515144
12/9/16,W,806718,730968,1537686
12/10/16,A,472855,424387,897242
12/11/16,U,309743,291688,601431
12/12/16,W,787062,702745,1489807
12/13/16,W,785276,714038,1499314
12/14/16,W,734884,688959,1423843
12/15/16,W,617119,624213,1241332
12/16/16,W,744691,690845,1435536
12/17/16,A,445779,394366,840145
12/18/16,U,270767,253184,523951
12/19/16,W,650356,607020,1257376
12/20/16,W,758686,668762,1427448
12/21/16,W,770713,665402,1436115
12/22/16,W,747188,635174,1382362
12/23/16,W,676407,516584,1192991
12/24/16,A,391140,253926,645066
12/25/16,U,199220,131542,330762
12/26/16,U,380189,292312,672501
12/27/16,W,575294,490822,1066116
12/28/16,W,611176,537443,1148619
12/29/16,W,593626,532909,1126535
12/30/16,W,628159,524474,1152633
12/31/16,A,433952,361268,795220
1/1/17,U,277926,292472,570398
1/2/17,U,371865,314798,686663
1/3/17,W,690503,650650,1341153
1/4/17,W,636491,639970,1276461
1/5/17,W,611987,629939,1241926
1/6/17,W,591800,600277,1192077
1/7/17,A,362508,319746,682254
1/8/17,U,290096,244060,534156
1/9/17,W,781139,692776,1473915
1/10/17,W,773792,711194,1484986
1/11/17,W,803730,714551,1518281
1/12/17,W,777149,714212,1491361
1/13/17,W,771359,698254,1469613
1/14/17,A,429614,363554,793168
1/15/17,U,328355,280852,609207
1/16/17,W,486791,435039,921830
1/17/17,W,829925,737976,1567901
1/18/17,W,835362,742180,1577542
1/19/17,W,823901,743065,1566966
1/20/17,W,798511,731616,1530127
1/21/17,A,488902,582031,1070933
1/22/17,U,331138,272268,603406
1/23/17,W,817750,724078,1541828
1/24/17,W,834979,742724,1577703
1/25/17,W,831467,743587,1575054
1/26/17,W,823395,750472,1573867
1/27/17,W,792183,715515,1507698
1/28/17,A,439479,382131,821610
1/29/17,U,304565,274728,579293
1/30/17,W,806014,715290,1521304
1/31/17,W,828074,741389,1569463
2/1/17,W,883845,750500,1634345
2/2/17,W,829125,736551,1565676
2/3/17,W,782899,690415,1473314
2/4/17,A,461743,370873,832616
2/5/17,U,351708,282731,634439
2/6/17,W,838312,713858,1552170
2/7/17,W,827885,734586,1562471
2/8/17,W,841278,737535,1578813
2/9/17,W,815353,726872,1542225
2/10/17,W,832724,720483,1553207
2/11/17,A,497589,405211,902800
2/12/17,U,358101,296805,654906
2/13/17,W,822007,702129,1524136
2/14/17,W,870130,752585,1622715
2/15/17,W,841181,735910,1577091
2/16/17,W,831398,738525,1569923
2/17/17,W,841425,738941,1580366
2/18/17,A,512205,447059,959264
2/19/17,U,383581,328391,711972
2/20/17,W,623736,557822,1181558
2/21/17,W,848951,741773,1590724
2/22/17,W,873309,758299,1631608
2/23/17,W,850254,751257,1601511
2/24/17,W,820536,723532,1544068
2/25/17,A,449817,374595,824412
2/26/17,U,350829,287405,638234
2/27/17,W,837214,720932,1558146
2/28/17,W,823654,730508,1554162
3/1/17,W,863043,742729,1605772
3/2/17,W,842926,741459,1584385
3/3/17,W,851128,729461,1580589
3/4/17,A,487500,401568,889068
3/5/17,U,364977,298189,663166
3/6/17,W,823084,703811,1526895
3/7/17,W,862784,751315,1614099
3/8/17,W,858498,751336,1609834
3/9/17,W,841498,748709,1590207
3/10/17,W,816750,730837,1547587
3/11/17,A,459826,493451,953277
3/12/17,U,336952,292240,629192
3/13/17,W,761376,703982,1465358
3/14/17,W,712423,727042,1439465
3/15/17,W,822423,748703,1571126
3/16/17,W,827779,758060,1585839
3/17/17,W,804320,732007,1536327
3/18/17,A,473609,404779,878388
3/19/17,U,371042,304418,675460
3/20/17,W,802404,690624,1493028
3/21/17,W,835641,718304,1553945
3/22/17,W,816876,706282,1523158
3/23/17,W,802941,708026,1510967
3/24/17,W,821828,715787,1537615
3/25/17,A,414644,356083,770727
3/26/17,U,340733,292995,633728
3/27/17,W,825472,724012,1549484
3/28/17,W,846658,748201,1594859
3/29/17,W,837430,745915,1583345
3/30/17,W,756598,718864,1475462
3/31/17,W,839312,737168,1576480
4/1/17,A,517493,433603,951096
4/2/17,U,357643,319046,676689
4/3/17,W,840610,743301,1583911
4/4/17,W,873844,763221,1637065
4/5/17,W,755345,732462,1487807
4/6/17,W,822266,771468,1593734
4/7/17,W,765361,741568,1506929
4/8/17,A,508239,452426,960665
4/9/17,U,388435,336277,724712
4/10/17,W,695555,708408,1403963
4/11/17,W,736309,720080,1456389
4/12/17,W,754940,757854,1512794
4/13/17,W,723724,745720,1469444
4/14/17,W,692506,676016,1368522
4/15/17,A,506929,453975,960904
4/16/17,U,339738,293545,633283
4/17/17,W,809433,738426,1547859
4/18/17,W,848195,772115,1620310
4/19/17,W,811178,757251,1568429
4/20/17,W,797055,758119,1555174
4/21/17,W,819393,753932,1573325
4/22/17,A,493687,467485,961172
4/23/17,U,373492,330832,704324
4/24/17,W,830257,736639,1566896
4/25/17,W,860569,761180,1621749
4/26/17,W,838762,757859,1596621
4/27/17,W,807318,748983,1556301
4/28/17,W,830500,740579,1571079
4/29/17,A,405068,364346,769414
4/30/17,U,307608,269345,576953
5/1/17,W,847371,747837,1595208
5/2/17,W,846717,762139,1608856
5/3/17,W,890581,778089,1668670
5/4/17,W,836436,770199,1606635
5/5/17,W,840819,771492,1612311
5/6/17,A,502922,460695,963617
5/7/17,U,370985,334930,705915
5/8/17,W,829268,722987,1552255
5/9/17,W,827183,738712,1565895
5/10/17,W,821006,736258,1557264
5/11/17,W,832163,755558,1587721
5/12/17,W,824305,745485,1569790
5/13/17,A,504045,427964,932009
5/14/17,U,364734,313469,678203
5/15/17,W,805190,709882,1515072
5/16/17,W,843103,768941,1612044
5/17/17,W,835226,763055,1598281
5/18/17,W,824327,775776,1600103
5/19/17,W,768158,726694,1494852
5/20/17,A,441093,396705,837798
5/21/17,U,366609,350024,716633
5/22/17,W,817334,744257,1561591
5/23/17,W,799986,753184,1553170
5/24/17,W,820511,762453,1582964
5/25/17,W,829938,776776,1606714
5/26/17,W,779960,691687,1471647
5/27/17,A,492255,462129,954384
5/28/17,U,366179,344784,710963
5/29/17,U,375171,336441,711612
5/30/17,W,802596,722529,1525125
5/31/17,W,827890,745189,1573079
6/1/17,W,860327,771134,1631461
6/2/17,W,861203,796256,1657459
6/3/17,A,523471,495282,1018753
6/4/17,U,400326,384010,784336
6/5/17,W,838839,768461,1607300
6/6/17,W,845564,787009,1632573
6/7/17,W,846730,793617,1640347
6/8/17,W,821372,805398,1626770
6/9/17,W,833135,822483,1655618
6/10/17,A,525084,558726,1083810
6/11/17,U,406991,440096,847087
6/12/17,W,808630,753763,1562393
6/13/17,W,817478,764155,1581633
6/14/17,W,786388,742346,1528734
6/15/17,W,830091,777758,1607849
6/16/17,W,785270,739069,1524339
6/17/17,A,486358,419764,906122
6/18/17,U,390193,338474,728667
6/19/17,W,755955,739609,1495564
6/20/17,W,801344,781004,1582348
6/21/17,W,758596,776244,1534840
6/22/17,W,733128,745336,1478464
6/23/17,W,729483,747333,1476816
6/24/17,A,504647,482168,986815
6/25/17,U,390267,513970,904237
6/26/17,W,738507,722154,1460661
6/27/17,W,763875,751340,1515215
6/28/17,W,722682,733693,1456375
6/29/17,W,747180,778070,1525250
6/30/17,W,763402,760380,1523782
7/1/17,A,514092,488429,1002521
7/2/17,U,398108,364979,763087
7/3/17,W,669915,543712,1213627
7/4/17,U,407991,389791,797782
7/5/17,W,746019,733914,1479933
7/6/17,W,755516,784948,1540464
7/7/17,W,749664,780389,1530053
7/8/17,A,517165,518674,1035839
7/9/17,U,400539,402561,803100
7/10/17,W,719494,695215,1414709
7/11/17,W,771348,735051,1506399
7/12/17,W,694204,702581,1396785
7/13/17,W,773047,751562,1524609
7/14/17,W,748691,762728,1511419
7/15/17,A,511540,495618,1007158
7/16/17,U,371692,374578,746270
7/17/17,W,754669,741094,1495763
7/18/17,W,776582,754149,1530731
7/19/17,W,769368,750889,1520257
7/20/17,W,716096,726632,1442728
7/21/17,W,733117,762529,1495646
7/22/17,A,485978,471542,957520
7/23/17,U,380247,372309,752556
7/24/17,W,744976,765597,1510573
7/25/17,W,765040,772350,1537390
7/26/17,W,769890,755604,1525494
7/27/17,W,770692,770016,1540708
7/28/17,W,754679,738168,1492847
7/29/17,A,496951,462430,959381
7/30/17,U,385002,349892,734894
7/31/17,W,732690,707434,1440124
8/1/17,W,789859,773470,1563329
8/2/17,W,771256,811636,1582892
8/3/17,W,763271,834427,1597698
8/4/17,W,732776,827248,1560024
8/5/17,A,503623,546783,1050406
8/6/17,U,376669,430711,807380
8/7/17,W,733495,704247,1437742
8/8/17,W,761850,735234,1497084
8/9/17,W,759657,732813,1492470
8/10/17,W,747519,745430,1492949
8/11/17,W,746418,756699,1503117
8/12/17,A,505271,477767,983038
8/13/17,U,384338,351048,735386
8/14/17,W,722238,716772,1439010
8/15/17,W,774523,700422,1474945
8/16/17,W,739357,734845,1474202
8/17/17,W,722939,751673,1474612
8/18/17,W,741688,751342,1493030
8/19/17,A,510200,488523,998723
8/20/17,U,395932,381042,776974
8/21/17,W,707640,675484,1383124
8/22/17,W,741370,697126,1438496
8/23/17,W,763384,719511,1482895
8/24/17,W,749315,748046,1497361
8/25/17,W,749192,741123,1490315
8/26/17,A,487453,446049,933502
8/27/17,U,358840,336109,694949
8/28/17,W,761796,740387,1502183
8/29/17,W,783337,763274,1546611
8/30/17,W,801205,779477,1580682
8/31/17,W,791635,785637,1577272
9/1/17,W,827394,760661,1588055
9/2/17,A,512150,481961,994111
9/3/17,U,417707,410951,828658
9/4/17,U,375104,326524,701628
9/5/17,W,893214,763159,1656373
9/6/17,W,854979,785896,1640875
9/7/17,W,867162,801972,1669134
9/8/17,W,849319,809597,1658916
9/9/17,A,511569,488232,999801
9/10/17,U,383625,375160,758785
9/11/17,W,861907,767744,1629651
9/12/17,W,883298,813900,1697198
9/13/17,W,876445,813293,1689738
9/14/17,W,874356,838725,1713081
9/15/17,W,871656,838001,1709657
9/16/17,A,517447,521275,1038722
9/17/17,U,386719,379480,766199
9/18/17,W,866120,772443,1638563
9/19/17,W,861844,786075,1647919
9/20/17,W,887017,795055,1682072
9/21/17,W,859255,788217,1647472
9/22/17,W,854042,781053,1635095
9/23/17,A,499368,464903,964271
9/24/17,U,378420,351102,729522
9/25/17,W,861042,767660,1628702
9/26/17,W,877350,791462,1668812
9/27/17,W,882592,796822,1679414
9/28/17,W,881438,809624,1691062
9/29/17,W,898739,811721,1710460
9/30/17,A,524516,482974,1007490
10/1/17,U,389470,361156,750626
10/2/17,W,877992,767540,1645532
10/3/17,W,921022,794082,1715104
10/4/17,W,889343,798360,1687703
10/5/17,W,889166,816694,1705860
10/6/17,W,841999,805746,1647745
10/7/17,A,484231,469808,954039
10/8/17,U,374005,539097,913102
10/9/17,W,712539,752125,1464664
10/10/17,W,874192,822023,1696215
10/11/17,W,850229,817909,1668138
10/12/17,W,870996,810442,1681438
10/13/17,W,879791,796714,1676505
10/14/17,A,376288,368266,744554
10/15/17,U,362392,335609,698001
10/16/17,W,867372,776457,1643829
10/17/17,W,882601,819635,1702236
10/18/17,W,888806,831089,1719895
10/19/17,W,876423,848003,1724426
10/20/17,W,862656,796878,1659534
10/21/17,A,520339,481334,1001673
10/22/17,U,344543,320608,665151
10/23/17,W,802893,750619,1553512
10/24/17,W,812947,769526,1582473
10/25/17,W,876000,794572,1670572
10/26/17,W,872176,805362,1677538
10/27/17,W,833348,769792,1603140
10/28/17,A,472503,422323,894826
10/29/17,U,355321,320982,676303
10/30/17,W,837676,753860,1591536
10/31/17,W,843988,758455,1602443
11/1/17,W,881053,780670,1661723
11/2/17,W,864434,794788,1659222
11/3/17,W,815500,755771,1571271
11/4/17,A,450968,393884,844852
11/5/17,U,359176,312232,671408
11/6/17,W,866671,772803,1639474
11/7/17,W,871211,785554,1656765
11/8/17,W,875619,796870,1672489
11/9/17,W,860819,800535,1661354
11/10/17,W,741017,721331,1462348
11/11/17,A,461927,427100,889027
11/12/17,U,341066,303087,644153
11/13/17,W,846572,758107,1604679
11/14/17,W,862352,781533,1643885
11/15/17,W,826138,770507,1596645
11/16/17,W,831869,773696,1605565
11/17/17,W,836442,779012,1615454
11/18/17,A,426814,429256,856070
11/19/17,U,359562,330196,689758
11/20/17,W,840370,747181,1587551
11/21/17,W,825182,745801,1570983
11/22/17,W,677643,620904,1298547
11/23/17,U,263654,208426,472080
11/24/17,W,503847,415069,918916
11/25/17,A,425522,369396,794918
11/26/17,U,336930,290753,627683
11/27/17,W,839274,726945,1566219
11/28/17,W,847910,753208,1601118
11/29/17,W,850702,761131,1611833
11/30/17,W,850783,772769,1623552
12/1/17,W,890982,785058,1676040
12/2/17,A,511676,461699,973375
12/3/17,U,378519,338558,717077
12/4/17,W,855387,739950,1595337
12/5/17,W,822703,737397,1560100
12/6/17,W,829498,742215,1571713
12/7/17,W,794129,741934,1536063
12/8/17,W,805911,739840,1545751
12/9/17,A,439827,405822,845649
12/10/17,U,336156,295505,631661
12/11/17,W,807879,706163,1514042
12/12/17,W,783312,709949,1493261
12/13/17,W,800995,715178,1516173
12/14/17,W,790977,722667,1513644
12/15/17,W,780679,700482,1481161
12/16/17,A,484468,419897,904365
12/17/17,U,351260,296372,647632
12/18/17,W,784151,675289,1459440
12/19/17,W,812618,697684,1510302
12/20/17,W,798144,683898,1482042
12/21/17,W,769444,659956,1429400
12/22/17,W,727262,586190,1313452
12/23/17,A,438917,324065,762982
12/24/17,U,275937,205801,481738
12/25/17,U,164256,118654,282910
12/26/17,W,398823,327742,726565
12/27/17,W,466856,416016,882872
12/28/17,W,509850,456611,966461
12/29/17,W,552051,466865,1018916
12/30/17,A,335207,276381,611588
12/31/17,U,274143,235949,510092
1/1/18,U,199845,195520,395365
1/2/18,W,507648,514174,1021822
1/3/18,W,598578,587740,1186318
1/4/18,W,594414,591081,1185495
1/5/18,W,597163,572525,1169688
1/6/18,A,372807,292077,664884
1/7/18,U,284438,226604,511042
1/8/18,W,755777,664263,1420040
1/9/18,W,780104,684704,1464808
1/10/18,W,783008,695123,1478131
1/11/18,W,774197,695496,1469693
1/12/18,W,730031,643915,1373946
1/13/18,A,392644,323263,715907
1/14/18,U,291206,245376,536582
1/15/18,W,463868,419604,883472
1/16/18,W,779194,710906,1490100
1/17/18,W,787021,713680,1500701
1/18/18,W,788150,720369,1508519
1/19/18,W,784287,701290,1485577
1/20/18,A,438286,449322,887608
1/21/18,U,316648,259818,576466
1/22/18,W,781955,711848,1493803
1/23/18,W,795146,733662,1528808
1/24/18,W,808026,732420,1540446
1/25/18,W,813348,743858,1557206
1/26/18,W,806770,722671,1529441
1/27/18,A,455974,384419,840393
1/28/18,U,320779,268995,589774
1/29/18,W,774310,699889,1474199
1/30/18,W,801986,723334,1525320
1/31/18,W,815252,729419,1544671
2/1/18,W,824632,724399,1549031
2/2/18,W,706351,657689,1364040
2/3/18,A,435554,344309,779863
2/4/18,U,279353,232906,512259
2/5/18,W,734272,675368,1409640
2/6/18,W,783522,708071,1491593
2/7/18,W,790600,714000,1504600
2/8/18,W,782384,727764,1510148
2/9/18,W,480347,490054,970401
2/10/18,A,399759,351548,751307
2/11/18,U,294675,260148,554823
2/12/18,W,771383,692183,1463566
2/13/18,W,832686,743502,1576188
2/14/18,W,846174,756475,1602649
2/15/18,W,819948,746521,1566469
2/16/18,W,803410,725091,1528501
2/17/18,A,438472,383764,822236
2/18/18,U,345438,299983,645421
2/19/18,W,569983,523621,1093604
2/20/18,W,786356,718493,1504849
2/21/18,W,831241,740388,1571629
2/22/18,W,833819,743449,1577268
2/23/18,W,820477,720769,1541246
2/24/18,A,461537,387230,848767
2/25/18,U,347690,292093,639783
2/26/18,W,825842,718649,1544491
2/27/18,W,846696,743269,1589965
2/28/18,W,837820,736868,1574688
3/1/18,W,807973,724095,1532068
3/2/18,W,838965,719445,1558410
3/3/18,A,489631,400158,889789
3/4/18,U,360783,288394,649177
3/5/18,W,793241,686228,1479469
3/6/18,W,818087,723274,1541361
3/7/18,W,829608,731992,1561600
3/8/18,W,813217,734447,1547664
3/9/18,W,806152,712092,1518244
3/10/18,A,471143,394014,865157
3/11/18,U,339755,286948,626703
3/12/18,W,798061,715220,1513281
3/13/18,W,808848,731938,1540786
3/14/18,W,834401,747391,1581792
3/15/18,W,829652,754110,1583762
3/16/18,W,808945,738857,1547802
3/17/18,A,471682,607823,1079505
3/18/18,U,361391,320742,682133
3/19/18,W,807848,709194,1517042
3/20/18,W,808168,710058,1518226
3/21/18,W,815911,715243,1531154
3/22/18,W,807829,722634,1530463
3/23/18,W,789868,699928,1489796
3/24/18,A,424609,389468,814077
3/25/18,U,331496,306710,638206
3/26/18,W,685230,660176,1345406
3/27/18,W,688138,684664,1372802
3/28/18,W,719691,695373,1415064
3/29/18,W,692129,686014,1378143
3/30/18,W,672341,608535,1280876
3/31/18,A,428294,349132,777426
4/1/18,U,305848,238356,544204
4/2/18,W,782016,688114,1470130
4/3/18,W,816056,720417,1536473
4/4/18,W,823619,738079,1561698
4/5/18,W,817204,753661,1570865
4/6/18,W,792532,721169,1513701
4/7/18,A,466492,404650,871142
4/8/18,U,335409,283411,618820
4/9/18,W,773663,708735,1482398
4/10/18,W,798350,748682,1547032
4/11/18,W,849255,770269,1619524
4/12/18,W,836193,775422,1611615
4/13/18,W,729175,716600,1445775
4/14/18,A,417189,374923,792112
4/15/18,U,300857,258277,559134
4/16/18,W,773294,704714,1478008
4/17/18,W,830925,759128,1590053
4/18/18,W,783296,728207,1511503
4/19/18,W,774579,749646,1524225
4/20/18,W,812450,735681,1548131
4/21/18,A,455577,392721,848298
4/22/18,U,348195,294515,642710
4/23/18,W,810268,712596,1522864
4/24/18,W,826998,743776,1570774
4/25/18,W,838143,748866,1587009
4/26/18,W,837802,777534,1615336
4/27/18,W,812960,752386,1565346
4/28/18,A,480130,426851,906981
4/29/18,U,354456,327855,682311
4/30/18,W,817980,746550,1564530
5/1/18,W,876677,777780,1654457
5/2/18,W,834718,752143,1586861
5/3/18,W,840135,744199,1584334
5/4/18,W,830802,736342,1567144
5/5/18,A,506199,443358,949557
5/6/18,U,359516,315030,674546
5/7/18,W,821267,742969,1564236
5/8/18,W,841014,781451,1622465
5/9/18,W,803570,756378,1559948
5/10/18,W,838748,762718,1601466
5/11/18,W,788585,744337,1532922
5/12/18,A,440554,392468,833022
5/13/18,U,335726,306051,641777
5/14/18,W,742924,686671,1429595
5/15/18,W,809607,728488,1538095
5/16/18,W,824209,733303,1557512
5/17/18,W,807735,743467,1551202
5/18/18,W,784606,717590,1502196
5/19/18,A,461266,408091,869357
5/20/18,U,321817,288853,610670
5/21/18,W,709633,669968,1379601
5/22/18,W,819740,762899,1582639
5/23/18,W,827983,774273,1602256
5/24/18,W,813320,757935,1571255
5/25/18,W,797393,730669,1528062
5/26/18,A,474011,472471,946482
5/27/18,U,382202,375810,758012
5/28/18,U,364119,325534,689653
5/29/18,W,797433,716137,1513570
5/30/18,W,793348,716886,1510234
5/31/18,W,819988,753062,1573050
6/1/18,W,851045,773824,1624869
6/2/18,A,496149,437154,933303
6/3/18,U,383320,342776,726096
6/4/18,W,820746,726476,1547222
6/5/18,W,826465,778366,1604831
6/6/18,W,820198,778486,1598684
6/7/18,W,821694,798516,1620210
6/8/18,W,779201,766692,1545893
6/9/18,A,464236,475218,939454
6/10/18,U,332042,339387,671429
6/11/18,W,781557,724255,1505812
6/12/18,W,807427,750111,1557538
6/13/18,W,783799,759987,1543786
6/14/18,W,795923,754502,1550425
6/15/18,W,775628,735211,1510839
6/16/18,A,472932,441274,914206
6/17/18,U,351730,324959,676689
6/18/18,W,742447,722983,1465430
6/19/18,W,779092,768531,1547623
6/20/18,W,741682,763084,1504766
6/21/18,W,628563,683599,1312162
6/22/18,W,669210,689577,1358787
6/23/18,A,487366,452638,940004
6/24/18,U,382787,515034,897821
6/25/18,W,730834,709948,1440782
6/26/18,W,714896,717661,1432557
6/27/18,W,734332,744015,1478347
6/28/18,W,751395,758891,1510286
6/29/18,W,748648,755938,1504586
6/30/18,A,473766,468103,941869
7/1/18,U,353385,329670,683055
7/2/18,W,734869,678249,1413118
7/3/18,W,771705,716848,1488553
7/4/18,U,384885,366963,751848
7/5/18,W,652746,615715,1268461
7/6/18,W,720068,699130,1419198
7/7/18,A,485369,439367,924736
7/8/18,U,376335,346489,722824
7/9/18,W,742452,704612,1447064
7/10/18,W,766160,742163,1508323
7/11/18,W,772083,765257,1537340
7/12/18,W,755211,766466,1521677
7/13/18,W,753196,784018,1537214
7/14/18,A,471688,455259,926947
7/15/18,U,380142,378006,758148
7/16/18,W,731999,700335,1432334
7/17/18,W,768143,739651,1507794
7/18/18,W,770336,745511,1515847
7/19/18,W,765291,780813,1546104
7/20/18,W,721413,762815,1484228
7/21/18,A,469280,483657,952937
7/22/18,U,339813,357484,697297
7/23/18,W,742296,746950,1489246
7/24/18,W,766503,775343,1541846
7/25/18,W,763505,768014,1531519
7/26/18,W,758033,781151,1539184
7/27/18,W,729506,741794,1471300
7/28/18,A,484064,453186,937250
7/29/18,U,374591,354824,729415
7/30/18,W,718899,721661,1440560
7/31/18,W,733107,729861,1462968
8/1/18,W,778530,757280,1535810
8/2/18,W,743458,861954,1605412
8/3/18,W,765341,831628,1596969
8/4/18,A,480664,521622,1002286
8/5/18,U,368543,423810,792353
8/6/18,W,688147,687412,1375559
8/7/18,W,710000,702495,1412495
8/8/18,W,737497,726837,1464334
8/9/18,W,725134,727089,1452223
8/10/18,W,728844,757214,1486058
8/11/18,A,498035,485775,983810
8/12/18,U,372421,371962,744383
8/13/18,W,705028,681926,1386954
8/14/18,W,722447,739143,1461590
8/15/18,W,710743,720004,1430747
8/16/18,W,720279,712077,1432356
8/17/18,W,702584,697625,1400209
8/18/18,A,493509,469340,962849
8/19/18,U,380140,357318,737458
8/20/18,W,668029,672736,1340765
8/21/18,W,714668,705759,1420427
8/22/18,W,747818,711067,1458885
8/23/18,W,751380,748147,1499527
8/24/18,W,692290,698828,1391118
8/25/18,A,472537,437488,910025
8/26/18,U,358918,344736,703654
8/27/18,W,751100,740835,1491935
8/28/18,W,751236,764285,1515521
8/29/18,W,752668,767691,1520359
8/30/18,W,776906,780357,1557263
8/31/18,W,773345,726643,1499988
9/1/18,A,457556,415563,873119
9/2/18,U,393446,368715,762161
9/3/18,U,330488,293772,624260
9/4/18,W,864262,756397,1620659
9/5/18,W,854763,785143,1639906
9/6/18,W,819596,786139,1605735
9/7/18,W,814560,796057,1610617
9/8/18,A,486855,460892,947747
9/9/18,U,361946,329445,691391
9/10/18,W,844530,792245,1636775
9/11/18,W,861007,818737,1679744
9/12/18,W,865443,835997,1701440
9/13/18,W,851071,821484,1672555
9/14/18,W,841332,833730,1675062
9/15/18,A,498240,505429,1003669
9/16/18,U,375988,375547,751535
9/17/18,W,839178,794968,1634146
9/18/18,W,846003,796654,1642657
9/19/18,W,844257,786851,1631108
9/20/18,W,840571,812664,1653235
9/21/18,W,829287,806274,1635561
9/22/18,A,497023,464531,961554
9/23/18,U,373382,331323,704705
9/24/18,W,829917,806181,1636098
9/25/18,W,843206,813982,1657188
9/26/18,W,868419,838474,1706893
9/27/18,W,858664,847133,1705797
9/28/18,W,824823,816264,1641087
9/29/18,A,492591,500479,993070
9/30/18,U,365436,362732,728168